timestamp,value,metric_name,container,instance,job,namespace,pod,uid
2025-07-12 05:29:28,0,kube_pod_container_status_restarts_total,alloy,10.244.1.4:8080,prometheus.scrape.annotated_pods,nimbusguard,alloy-55f4f7d8d8-6gg5n,b6bce138-d8f9-4207-9259-b3e1ce047545
2025-07-12 05:30:28,0,kube_pod_container_status_restarts_total,alloy,10.244.1.4:8080,prometheus.scrape.annotated_pods,nimbusguard,alloy-55f4f7d8d8-6gg5n,b6bce138-d8f9-4207-9259-b3e1ce047545
2025-07-12 05:31:28,0,kube_pod_container_status_restarts_total,alloy,10.244.1.4:8080,prometheus.scrape.annotated_pods,nimbusguard,alloy-55f4f7d8d8-6gg5n,b6bce138-d8f9-4207-9259-b3e1ce047545
2025-07-12 05:32:28,0,kube_pod_container_status_restarts_total,alloy,10.244.1.4:8080,prometheus.scrape.annotated_pods,nimbusguard,alloy-55f4f7d8d8-6gg5n,b6bce138-d8f9-4207-9259-b3e1ce047545
2025-07-12 05:33:28,0,kube_pod_container_status_restarts_total,alloy,10.244.1.4:8080,prometheus.scrape.annotated_pods,nimbusguard,alloy-55f4f7d8d8-6gg5n,b6bce138-d8f9-4207-9259-b3e1ce047545
2025-07-12 05:34:28,0,kube_pod_container_status_restarts_total,alloy,10.244.1.4:8080,prometheus.scrape.annotated_pods,nimbusguard,alloy-55f4f7d8d8-6gg5n,b6bce138-d8f9-4207-9259-b3e1ce047545
2025-07-12 05:35:28,0,kube_pod_container_status_restarts_total,alloy,10.244.1.4:8080,prometheus.scrape.annotated_pods,nimbusguard,alloy-55f4f7d8d8-6gg5n,b6bce138-d8f9-4207-9259-b3e1ce047545
2025-07-12 05:36:28,0,kube_pod_container_status_restarts_total,alloy,10.244.1.4:8080,prometheus.scrape.annotated_pods,nimbusguard,alloy-55f4f7d8d8-6gg5n,b6bce138-d8f9-4207-9259-b3e1ce047545
2025-07-12 05:37:28,0,kube_pod_container_status_restarts_total,alloy,10.244.1.4:8080,prometheus.scrape.annotated_pods,nimbusguard,alloy-55f4f7d8d8-6gg5n,b6bce138-d8f9-4207-9259-b3e1ce047545
2025-07-12 05:38:28,0,kube_pod_container_status_restarts_total,alloy,10.244.1.4:8080,prometheus.scrape.annotated_pods,nimbusguard,alloy-55f4f7d8d8-6gg5n,b6bce138-d8f9-4207-9259-b3e1ce047545
2025-07-12 05:39:28,0,kube_pod_container_status_restarts_total,alloy,10.244.1.4:8080,prometheus.scrape.annotated_pods,nimbusguard,alloy-55f4f7d8d8-6gg5n,b6bce138-d8f9-4207-9259-b3e1ce047545
2025-07-12 05:40:28,0,kube_pod_container_status_restarts_total,alloy,10.244.1.4:8080,prometheus.scrape.annotated_pods,nimbusguard,alloy-55f4f7d8d8-6gg5n,b6bce138-d8f9-4207-9259-b3e1ce047545
2025-07-12 05:41:28,0,kube_pod_container_status_restarts_total,alloy,10.244.1.4:8080,prometheus.scrape.annotated_pods,nimbusguard,alloy-55f4f7d8d8-6gg5n,b6bce138-d8f9-4207-9259-b3e1ce047545
2025-07-12 05:42:28,0,kube_pod_container_status_restarts_total,alloy,10.244.1.4:8080,prometheus.scrape.annotated_pods,nimbusguard,alloy-55f4f7d8d8-6gg5n,b6bce138-d8f9-4207-9259-b3e1ce047545
2025-07-12 05:43:28,0,kube_pod_container_status_restarts_total,alloy,10.244.1.4:8080,prometheus.scrape.annotated_pods,nimbusguard,alloy-55f4f7d8d8-6gg5n,b6bce138-d8f9-4207-9259-b3e1ce047545
2025-07-12 05:44:28,0,kube_pod_container_status_restarts_total,alloy,10.244.1.4:8080,prometheus.scrape.annotated_pods,nimbusguard,alloy-55f4f7d8d8-6gg5n,b6bce138-d8f9-4207-9259-b3e1ce047545
2025-07-12 05:45:28,0,kube_pod_container_status_restarts_total,alloy,10.244.1.4:8080,prometheus.scrape.annotated_pods,nimbusguard,alloy-55f4f7d8d8-6gg5n,b6bce138-d8f9-4207-9259-b3e1ce047545
2025-07-12 05:46:28,0,kube_pod_container_status_restarts_total,alloy,10.244.1.4:8080,prometheus.scrape.annotated_pods,nimbusguard,alloy-55f4f7d8d8-6gg5n,b6bce138-d8f9-4207-9259-b3e1ce047545
2025-07-12 05:47:28,0,kube_pod_container_status_restarts_total,alloy,10.244.1.4:8080,prometheus.scrape.annotated_pods,nimbusguard,alloy-55f4f7d8d8-6gg5n,b6bce138-d8f9-4207-9259-b3e1ce047545
2025-07-12 05:48:28,0,kube_pod_container_status_restarts_total,alloy,10.244.1.4:8080,prometheus.scrape.annotated_pods,nimbusguard,alloy-55f4f7d8d8-6gg5n,b6bce138-d8f9-4207-9259-b3e1ce047545
2025-07-12 05:49:28,0,kube_pod_container_status_restarts_total,alloy,10.244.1.4:8080,prometheus.scrape.annotated_pods,nimbusguard,alloy-55f4f7d8d8-6gg5n,b6bce138-d8f9-4207-9259-b3e1ce047545
2025-07-12 05:50:28,0,kube_pod_container_status_restarts_total,alloy,10.244.1.4:8080,prometheus.scrape.annotated_pods,nimbusguard,alloy-55f4f7d8d8-6gg5n,b6bce138-d8f9-4207-9259-b3e1ce047545
2025-07-12 05:51:28,0,kube_pod_container_status_restarts_total,alloy,10.244.1.4:8080,prometheus.scrape.annotated_pods,nimbusguard,alloy-55f4f7d8d8-6gg5n,b6bce138-d8f9-4207-9259-b3e1ce047545
2025-07-12 05:52:28,0,kube_pod_container_status_restarts_total,alloy,10.244.1.4:8080,prometheus.scrape.annotated_pods,nimbusguard,alloy-55f4f7d8d8-6gg5n,b6bce138-d8f9-4207-9259-b3e1ce047545
2025-07-12 05:53:28,0,kube_pod_container_status_restarts_total,alloy,10.244.1.4:8080,prometheus.scrape.annotated_pods,nimbusguard,alloy-55f4f7d8d8-6gg5n,b6bce138-d8f9-4207-9259-b3e1ce047545
2025-07-12 05:54:28,0,kube_pod_container_status_restarts_total,alloy,10.244.1.4:8080,prometheus.scrape.annotated_pods,nimbusguard,alloy-55f4f7d8d8-6gg5n,b6bce138-d8f9-4207-9259-b3e1ce047545
2025-07-12 05:55:28,0,kube_pod_container_status_restarts_total,alloy,10.244.1.4:8080,prometheus.scrape.annotated_pods,nimbusguard,alloy-55f4f7d8d8-6gg5n,b6bce138-d8f9-4207-9259-b3e1ce047545
2025-07-12 05:56:28,0,kube_pod_container_status_restarts_total,alloy,10.244.1.4:8080,prometheus.scrape.annotated_pods,nimbusguard,alloy-55f4f7d8d8-6gg5n,b6bce138-d8f9-4207-9259-b3e1ce047545
2025-07-12 05:57:28,0,kube_pod_container_status_restarts_total,alloy,10.244.1.4:8080,prometheus.scrape.annotated_pods,nimbusguard,alloy-55f4f7d8d8-6gg5n,b6bce138-d8f9-4207-9259-b3e1ce047545
2025-07-12 05:58:28,0,kube_pod_container_status_restarts_total,alloy,10.244.1.4:8080,prometheus.scrape.annotated_pods,nimbusguard,alloy-55f4f7d8d8-6gg5n,b6bce138-d8f9-4207-9259-b3e1ce047545
2025-07-12 05:59:28,0,kube_pod_container_status_restarts_total,alloy,10.244.1.4:8080,prometheus.scrape.annotated_pods,nimbusguard,alloy-55f4f7d8d8-6gg5n,b6bce138-d8f9-4207-9259-b3e1ce047545
2025-07-12 06:00:28,0,kube_pod_container_status_restarts_total,alloy,10.244.1.4:8080,prometheus.scrape.annotated_pods,nimbusguard,alloy-55f4f7d8d8-6gg5n,b6bce138-d8f9-4207-9259-b3e1ce047545
2025-07-12 06:01:28,0,kube_pod_container_status_restarts_total,alloy,10.244.1.4:8080,prometheus.scrape.annotated_pods,nimbusguard,alloy-55f4f7d8d8-6gg5n,b6bce138-d8f9-4207-9259-b3e1ce047545
2025-07-12 06:02:28,0,kube_pod_container_status_restarts_total,alloy,10.244.1.4:8080,prometheus.scrape.annotated_pods,nimbusguard,alloy-55f4f7d8d8-6gg5n,b6bce138-d8f9-4207-9259-b3e1ce047545
2025-07-12 06:03:28,0,kube_pod_container_status_restarts_total,alloy,10.244.1.4:8080,prometheus.scrape.annotated_pods,nimbusguard,alloy-55f4f7d8d8-6gg5n,b6bce138-d8f9-4207-9259-b3e1ce047545
2025-07-12 06:04:28,0,kube_pod_container_status_restarts_total,alloy,10.244.1.4:8080,prometheus.scrape.annotated_pods,nimbusguard,alloy-55f4f7d8d8-6gg5n,b6bce138-d8f9-4207-9259-b3e1ce047545
2025-07-12 06:05:28,0,kube_pod_container_status_restarts_total,alloy,10.244.1.4:8080,prometheus.scrape.annotated_pods,nimbusguard,alloy-55f4f7d8d8-6gg5n,b6bce138-d8f9-4207-9259-b3e1ce047545
2025-07-12 06:06:28,0,kube_pod_container_status_restarts_total,alloy,10.244.1.4:8080,prometheus.scrape.annotated_pods,nimbusguard,alloy-55f4f7d8d8-6gg5n,b6bce138-d8f9-4207-9259-b3e1ce047545
2025-07-12 06:07:28,0,kube_pod_container_status_restarts_total,alloy,10.244.1.4:8080,prometheus.scrape.annotated_pods,nimbusguard,alloy-55f4f7d8d8-6gg5n,b6bce138-d8f9-4207-9259-b3e1ce047545
2025-07-12 06:08:28,0,kube_pod_container_status_restarts_total,alloy,10.244.1.4:8080,prometheus.scrape.annotated_pods,nimbusguard,alloy-55f4f7d8d8-6gg5n,b6bce138-d8f9-4207-9259-b3e1ce047545
2025-07-12 06:09:28,0,kube_pod_container_status_restarts_total,alloy,10.244.1.4:8080,prometheus.scrape.annotated_pods,nimbusguard,alloy-55f4f7d8d8-6gg5n,b6bce138-d8f9-4207-9259-b3e1ce047545
2025-07-12 06:10:28,0,kube_pod_container_status_restarts_total,alloy,10.244.1.4:8080,prometheus.scrape.annotated_pods,nimbusguard,alloy-55f4f7d8d8-6gg5n,b6bce138-d8f9-4207-9259-b3e1ce047545
2025-07-12 06:11:28,0,kube_pod_container_status_restarts_total,alloy,10.244.1.4:8080,prometheus.scrape.annotated_pods,nimbusguard,alloy-55f4f7d8d8-6gg5n,b6bce138-d8f9-4207-9259-b3e1ce047545
2025-07-12 06:12:28,0,kube_pod_container_status_restarts_total,alloy,10.244.1.4:8080,prometheus.scrape.annotated_pods,nimbusguard,alloy-55f4f7d8d8-6gg5n,b6bce138-d8f9-4207-9259-b3e1ce047545
2025-07-12 06:13:28,0,kube_pod_container_status_restarts_total,alloy,10.244.1.4:8080,prometheus.scrape.annotated_pods,nimbusguard,alloy-55f4f7d8d8-6gg5n,b6bce138-d8f9-4207-9259-b3e1ce047545
2025-07-12 05:30:28,0,kube_pod_container_status_restarts_total,alloy,kube-state-metrics.nimbusguard.svc:8080,prometheus.scrape.kube_state_metrics,nimbusguard,alloy-55f4f7d8d8-6gg5n,b6bce138-d8f9-4207-9259-b3e1ce047545
2025-07-12 05:31:28,0,kube_pod_container_status_restarts_total,alloy,kube-state-metrics.nimbusguard.svc:8080,prometheus.scrape.kube_state_metrics,nimbusguard,alloy-55f4f7d8d8-6gg5n,b6bce138-d8f9-4207-9259-b3e1ce047545
2025-07-12 05:32:28,0,kube_pod_container_status_restarts_total,alloy,kube-state-metrics.nimbusguard.svc:8080,prometheus.scrape.kube_state_metrics,nimbusguard,alloy-55f4f7d8d8-6gg5n,b6bce138-d8f9-4207-9259-b3e1ce047545
2025-07-12 05:33:28,0,kube_pod_container_status_restarts_total,alloy,kube-state-metrics.nimbusguard.svc:8080,prometheus.scrape.kube_state_metrics,nimbusguard,alloy-55f4f7d8d8-6gg5n,b6bce138-d8f9-4207-9259-b3e1ce047545
2025-07-12 05:34:28,0,kube_pod_container_status_restarts_total,alloy,kube-state-metrics.nimbusguard.svc:8080,prometheus.scrape.kube_state_metrics,nimbusguard,alloy-55f4f7d8d8-6gg5n,b6bce138-d8f9-4207-9259-b3e1ce047545
2025-07-12 05:35:28,0,kube_pod_container_status_restarts_total,alloy,kube-state-metrics.nimbusguard.svc:8080,prometheus.scrape.kube_state_metrics,nimbusguard,alloy-55f4f7d8d8-6gg5n,b6bce138-d8f9-4207-9259-b3e1ce047545
2025-07-12 05:36:28,0,kube_pod_container_status_restarts_total,alloy,kube-state-metrics.nimbusguard.svc:8080,prometheus.scrape.kube_state_metrics,nimbusguard,alloy-55f4f7d8d8-6gg5n,b6bce138-d8f9-4207-9259-b3e1ce047545
2025-07-12 05:37:28,0,kube_pod_container_status_restarts_total,alloy,kube-state-metrics.nimbusguard.svc:8080,prometheus.scrape.kube_state_metrics,nimbusguard,alloy-55f4f7d8d8-6gg5n,b6bce138-d8f9-4207-9259-b3e1ce047545
2025-07-12 05:38:28,0,kube_pod_container_status_restarts_total,alloy,kube-state-metrics.nimbusguard.svc:8080,prometheus.scrape.kube_state_metrics,nimbusguard,alloy-55f4f7d8d8-6gg5n,b6bce138-d8f9-4207-9259-b3e1ce047545
2025-07-12 05:39:28,0,kube_pod_container_status_restarts_total,alloy,kube-state-metrics.nimbusguard.svc:8080,prometheus.scrape.kube_state_metrics,nimbusguard,alloy-55f4f7d8d8-6gg5n,b6bce138-d8f9-4207-9259-b3e1ce047545
2025-07-12 05:40:28,0,kube_pod_container_status_restarts_total,alloy,kube-state-metrics.nimbusguard.svc:8080,prometheus.scrape.kube_state_metrics,nimbusguard,alloy-55f4f7d8d8-6gg5n,b6bce138-d8f9-4207-9259-b3e1ce047545
2025-07-12 05:41:28,0,kube_pod_container_status_restarts_total,alloy,kube-state-metrics.nimbusguard.svc:8080,prometheus.scrape.kube_state_metrics,nimbusguard,alloy-55f4f7d8d8-6gg5n,b6bce138-d8f9-4207-9259-b3e1ce047545
2025-07-12 05:42:28,0,kube_pod_container_status_restarts_total,alloy,kube-state-metrics.nimbusguard.svc:8080,prometheus.scrape.kube_state_metrics,nimbusguard,alloy-55f4f7d8d8-6gg5n,b6bce138-d8f9-4207-9259-b3e1ce047545
2025-07-12 05:43:28,0,kube_pod_container_status_restarts_total,alloy,kube-state-metrics.nimbusguard.svc:8080,prometheus.scrape.kube_state_metrics,nimbusguard,alloy-55f4f7d8d8-6gg5n,b6bce138-d8f9-4207-9259-b3e1ce047545
2025-07-12 05:44:28,0,kube_pod_container_status_restarts_total,alloy,kube-state-metrics.nimbusguard.svc:8080,prometheus.scrape.kube_state_metrics,nimbusguard,alloy-55f4f7d8d8-6gg5n,b6bce138-d8f9-4207-9259-b3e1ce047545
2025-07-12 05:45:28,0,kube_pod_container_status_restarts_total,alloy,kube-state-metrics.nimbusguard.svc:8080,prometheus.scrape.kube_state_metrics,nimbusguard,alloy-55f4f7d8d8-6gg5n,b6bce138-d8f9-4207-9259-b3e1ce047545
2025-07-12 05:46:28,0,kube_pod_container_status_restarts_total,alloy,kube-state-metrics.nimbusguard.svc:8080,prometheus.scrape.kube_state_metrics,nimbusguard,alloy-55f4f7d8d8-6gg5n,b6bce138-d8f9-4207-9259-b3e1ce047545
2025-07-12 05:47:28,0,kube_pod_container_status_restarts_total,alloy,kube-state-metrics.nimbusguard.svc:8080,prometheus.scrape.kube_state_metrics,nimbusguard,alloy-55f4f7d8d8-6gg5n,b6bce138-d8f9-4207-9259-b3e1ce047545
2025-07-12 05:48:28,0,kube_pod_container_status_restarts_total,alloy,kube-state-metrics.nimbusguard.svc:8080,prometheus.scrape.kube_state_metrics,nimbusguard,alloy-55f4f7d8d8-6gg5n,b6bce138-d8f9-4207-9259-b3e1ce047545
2025-07-12 05:49:28,0,kube_pod_container_status_restarts_total,alloy,kube-state-metrics.nimbusguard.svc:8080,prometheus.scrape.kube_state_metrics,nimbusguard,alloy-55f4f7d8d8-6gg5n,b6bce138-d8f9-4207-9259-b3e1ce047545
2025-07-12 05:50:28,0,kube_pod_container_status_restarts_total,alloy,kube-state-metrics.nimbusguard.svc:8080,prometheus.scrape.kube_state_metrics,nimbusguard,alloy-55f4f7d8d8-6gg5n,b6bce138-d8f9-4207-9259-b3e1ce047545
2025-07-12 05:51:28,0,kube_pod_container_status_restarts_total,alloy,kube-state-metrics.nimbusguard.svc:8080,prometheus.scrape.kube_state_metrics,nimbusguard,alloy-55f4f7d8d8-6gg5n,b6bce138-d8f9-4207-9259-b3e1ce047545
2025-07-12 05:52:28,0,kube_pod_container_status_restarts_total,alloy,kube-state-metrics.nimbusguard.svc:8080,prometheus.scrape.kube_state_metrics,nimbusguard,alloy-55f4f7d8d8-6gg5n,b6bce138-d8f9-4207-9259-b3e1ce047545
2025-07-12 05:53:28,0,kube_pod_container_status_restarts_total,alloy,kube-state-metrics.nimbusguard.svc:8080,prometheus.scrape.kube_state_metrics,nimbusguard,alloy-55f4f7d8d8-6gg5n,b6bce138-d8f9-4207-9259-b3e1ce047545
2025-07-12 05:54:28,0,kube_pod_container_status_restarts_total,alloy,kube-state-metrics.nimbusguard.svc:8080,prometheus.scrape.kube_state_metrics,nimbusguard,alloy-55f4f7d8d8-6gg5n,b6bce138-d8f9-4207-9259-b3e1ce047545
2025-07-12 05:55:28,0,kube_pod_container_status_restarts_total,alloy,kube-state-metrics.nimbusguard.svc:8080,prometheus.scrape.kube_state_metrics,nimbusguard,alloy-55f4f7d8d8-6gg5n,b6bce138-d8f9-4207-9259-b3e1ce047545
2025-07-12 05:56:28,0,kube_pod_container_status_restarts_total,alloy,kube-state-metrics.nimbusguard.svc:8080,prometheus.scrape.kube_state_metrics,nimbusguard,alloy-55f4f7d8d8-6gg5n,b6bce138-d8f9-4207-9259-b3e1ce047545
2025-07-12 05:57:28,0,kube_pod_container_status_restarts_total,alloy,kube-state-metrics.nimbusguard.svc:8080,prometheus.scrape.kube_state_metrics,nimbusguard,alloy-55f4f7d8d8-6gg5n,b6bce138-d8f9-4207-9259-b3e1ce047545
2025-07-12 05:58:28,0,kube_pod_container_status_restarts_total,alloy,kube-state-metrics.nimbusguard.svc:8080,prometheus.scrape.kube_state_metrics,nimbusguard,alloy-55f4f7d8d8-6gg5n,b6bce138-d8f9-4207-9259-b3e1ce047545
2025-07-12 05:59:28,0,kube_pod_container_status_restarts_total,alloy,kube-state-metrics.nimbusguard.svc:8080,prometheus.scrape.kube_state_metrics,nimbusguard,alloy-55f4f7d8d8-6gg5n,b6bce138-d8f9-4207-9259-b3e1ce047545
2025-07-12 06:00:28,0,kube_pod_container_status_restarts_total,alloy,kube-state-metrics.nimbusguard.svc:8080,prometheus.scrape.kube_state_metrics,nimbusguard,alloy-55f4f7d8d8-6gg5n,b6bce138-d8f9-4207-9259-b3e1ce047545
2025-07-12 06:01:28,0,kube_pod_container_status_restarts_total,alloy,kube-state-metrics.nimbusguard.svc:8080,prometheus.scrape.kube_state_metrics,nimbusguard,alloy-55f4f7d8d8-6gg5n,b6bce138-d8f9-4207-9259-b3e1ce047545
2025-07-12 06:02:28,0,kube_pod_container_status_restarts_total,alloy,kube-state-metrics.nimbusguard.svc:8080,prometheus.scrape.kube_state_metrics,nimbusguard,alloy-55f4f7d8d8-6gg5n,b6bce138-d8f9-4207-9259-b3e1ce047545
2025-07-12 06:03:28,0,kube_pod_container_status_restarts_total,alloy,kube-state-metrics.nimbusguard.svc:8080,prometheus.scrape.kube_state_metrics,nimbusguard,alloy-55f4f7d8d8-6gg5n,b6bce138-d8f9-4207-9259-b3e1ce047545
2025-07-12 06:04:28,0,kube_pod_container_status_restarts_total,alloy,kube-state-metrics.nimbusguard.svc:8080,prometheus.scrape.kube_state_metrics,nimbusguard,alloy-55f4f7d8d8-6gg5n,b6bce138-d8f9-4207-9259-b3e1ce047545
2025-07-12 06:05:28,0,kube_pod_container_status_restarts_total,alloy,kube-state-metrics.nimbusguard.svc:8080,prometheus.scrape.kube_state_metrics,nimbusguard,alloy-55f4f7d8d8-6gg5n,b6bce138-d8f9-4207-9259-b3e1ce047545
2025-07-12 06:06:28,0,kube_pod_container_status_restarts_total,alloy,kube-state-metrics.nimbusguard.svc:8080,prometheus.scrape.kube_state_metrics,nimbusguard,alloy-55f4f7d8d8-6gg5n,b6bce138-d8f9-4207-9259-b3e1ce047545
2025-07-12 06:07:28,0,kube_pod_container_status_restarts_total,alloy,kube-state-metrics.nimbusguard.svc:8080,prometheus.scrape.kube_state_metrics,nimbusguard,alloy-55f4f7d8d8-6gg5n,b6bce138-d8f9-4207-9259-b3e1ce047545
2025-07-12 06:08:28,0,kube_pod_container_status_restarts_total,alloy,kube-state-metrics.nimbusguard.svc:8080,prometheus.scrape.kube_state_metrics,nimbusguard,alloy-55f4f7d8d8-6gg5n,b6bce138-d8f9-4207-9259-b3e1ce047545
2025-07-12 06:09:28,0,kube_pod_container_status_restarts_total,alloy,kube-state-metrics.nimbusguard.svc:8080,prometheus.scrape.kube_state_metrics,nimbusguard,alloy-55f4f7d8d8-6gg5n,b6bce138-d8f9-4207-9259-b3e1ce047545
2025-07-12 06:10:28,0,kube_pod_container_status_restarts_total,alloy,kube-state-metrics.nimbusguard.svc:8080,prometheus.scrape.kube_state_metrics,nimbusguard,alloy-55f4f7d8d8-6gg5n,b6bce138-d8f9-4207-9259-b3e1ce047545
2025-07-12 06:11:28,0,kube_pod_container_status_restarts_total,alloy,kube-state-metrics.nimbusguard.svc:8080,prometheus.scrape.kube_state_metrics,nimbusguard,alloy-55f4f7d8d8-6gg5n,b6bce138-d8f9-4207-9259-b3e1ce047545
2025-07-12 06:12:28,0,kube_pod_container_status_restarts_total,alloy,kube-state-metrics.nimbusguard.svc:8080,prometheus.scrape.kube_state_metrics,nimbusguard,alloy-55f4f7d8d8-6gg5n,b6bce138-d8f9-4207-9259-b3e1ce047545
2025-07-12 06:13:28,0,kube_pod_container_status_restarts_total,alloy,kube-state-metrics.nimbusguard.svc:8080,prometheus.scrape.kube_state_metrics,nimbusguard,alloy-55f4f7d8d8-6gg5n,b6bce138-d8f9-4207-9259-b3e1ce047545
2025-07-12 05:29:28,0,kube_pod_container_status_restarts_total,beyla,10.244.1.4:8080,prometheus.scrape.annotated_pods,nimbusguard,beyla-b7789,c7a6d4e2-db09-4c48-a933-55a871cb39e6
2025-07-12 05:30:28,0,kube_pod_container_status_restarts_total,beyla,10.244.1.4:8080,prometheus.scrape.annotated_pods,nimbusguard,beyla-b7789,c7a6d4e2-db09-4c48-a933-55a871cb39e6
2025-07-12 05:31:28,0,kube_pod_container_status_restarts_total,beyla,10.244.1.4:8080,prometheus.scrape.annotated_pods,nimbusguard,beyla-b7789,c7a6d4e2-db09-4c48-a933-55a871cb39e6
2025-07-12 05:32:28,0,kube_pod_container_status_restarts_total,beyla,10.244.1.4:8080,prometheus.scrape.annotated_pods,nimbusguard,beyla-b7789,c7a6d4e2-db09-4c48-a933-55a871cb39e6
2025-07-12 05:33:28,0,kube_pod_container_status_restarts_total,beyla,10.244.1.4:8080,prometheus.scrape.annotated_pods,nimbusguard,beyla-b7789,c7a6d4e2-db09-4c48-a933-55a871cb39e6
2025-07-12 05:34:28,0,kube_pod_container_status_restarts_total,beyla,10.244.1.4:8080,prometheus.scrape.annotated_pods,nimbusguard,beyla-b7789,c7a6d4e2-db09-4c48-a933-55a871cb39e6
2025-07-12 05:35:28,0,kube_pod_container_status_restarts_total,beyla,10.244.1.4:8080,prometheus.scrape.annotated_pods,nimbusguard,beyla-b7789,c7a6d4e2-db09-4c48-a933-55a871cb39e6
2025-07-12 05:36:28,0,kube_pod_container_status_restarts_total,beyla,10.244.1.4:8080,prometheus.scrape.annotated_pods,nimbusguard,beyla-b7789,c7a6d4e2-db09-4c48-a933-55a871cb39e6
2025-07-12 05:37:28,0,kube_pod_container_status_restarts_total,beyla,10.244.1.4:8080,prometheus.scrape.annotated_pods,nimbusguard,beyla-b7789,c7a6d4e2-db09-4c48-a933-55a871cb39e6
2025-07-12 05:38:28,0,kube_pod_container_status_restarts_total,beyla,10.244.1.4:8080,prometheus.scrape.annotated_pods,nimbusguard,beyla-b7789,c7a6d4e2-db09-4c48-a933-55a871cb39e6
2025-07-12 05:39:28,0,kube_pod_container_status_restarts_total,beyla,10.244.1.4:8080,prometheus.scrape.annotated_pods,nimbusguard,beyla-b7789,c7a6d4e2-db09-4c48-a933-55a871cb39e6
2025-07-12 05:40:28,0,kube_pod_container_status_restarts_total,beyla,10.244.1.4:8080,prometheus.scrape.annotated_pods,nimbusguard,beyla-b7789,c7a6d4e2-db09-4c48-a933-55a871cb39e6
2025-07-12 05:41:28,0,kube_pod_container_status_restarts_total,beyla,10.244.1.4:8080,prometheus.scrape.annotated_pods,nimbusguard,beyla-b7789,c7a6d4e2-db09-4c48-a933-55a871cb39e6
2025-07-12 05:42:28,0,kube_pod_container_status_restarts_total,beyla,10.244.1.4:8080,prometheus.scrape.annotated_pods,nimbusguard,beyla-b7789,c7a6d4e2-db09-4c48-a933-55a871cb39e6
2025-07-12 05:43:28,0,kube_pod_container_status_restarts_total,beyla,10.244.1.4:8080,prometheus.scrape.annotated_pods,nimbusguard,beyla-b7789,c7a6d4e2-db09-4c48-a933-55a871cb39e6
2025-07-12 05:44:28,0,kube_pod_container_status_restarts_total,beyla,10.244.1.4:8080,prometheus.scrape.annotated_pods,nimbusguard,beyla-b7789,c7a6d4e2-db09-4c48-a933-55a871cb39e6
2025-07-12 05:45:28,0,kube_pod_container_status_restarts_total,beyla,10.244.1.4:8080,prometheus.scrape.annotated_pods,nimbusguard,beyla-b7789,c7a6d4e2-db09-4c48-a933-55a871cb39e6
2025-07-12 05:46:28,0,kube_pod_container_status_restarts_total,beyla,10.244.1.4:8080,prometheus.scrape.annotated_pods,nimbusguard,beyla-b7789,c7a6d4e2-db09-4c48-a933-55a871cb39e6
2025-07-12 05:47:28,0,kube_pod_container_status_restarts_total,beyla,10.244.1.4:8080,prometheus.scrape.annotated_pods,nimbusguard,beyla-b7789,c7a6d4e2-db09-4c48-a933-55a871cb39e6
2025-07-12 05:48:28,0,kube_pod_container_status_restarts_total,beyla,10.244.1.4:8080,prometheus.scrape.annotated_pods,nimbusguard,beyla-b7789,c7a6d4e2-db09-4c48-a933-55a871cb39e6
2025-07-12 05:49:28,0,kube_pod_container_status_restarts_total,beyla,10.244.1.4:8080,prometheus.scrape.annotated_pods,nimbusguard,beyla-b7789,c7a6d4e2-db09-4c48-a933-55a871cb39e6
2025-07-12 05:50:28,0,kube_pod_container_status_restarts_total,beyla,10.244.1.4:8080,prometheus.scrape.annotated_pods,nimbusguard,beyla-b7789,c7a6d4e2-db09-4c48-a933-55a871cb39e6
2025-07-12 05:51:28,0,kube_pod_container_status_restarts_total,beyla,10.244.1.4:8080,prometheus.scrape.annotated_pods,nimbusguard,beyla-b7789,c7a6d4e2-db09-4c48-a933-55a871cb39e6
2025-07-12 05:52:28,0,kube_pod_container_status_restarts_total,beyla,10.244.1.4:8080,prometheus.scrape.annotated_pods,nimbusguard,beyla-b7789,c7a6d4e2-db09-4c48-a933-55a871cb39e6
2025-07-12 05:53:28,0,kube_pod_container_status_restarts_total,beyla,10.244.1.4:8080,prometheus.scrape.annotated_pods,nimbusguard,beyla-b7789,c7a6d4e2-db09-4c48-a933-55a871cb39e6
2025-07-12 05:54:28,0,kube_pod_container_status_restarts_total,beyla,10.244.1.4:8080,prometheus.scrape.annotated_pods,nimbusguard,beyla-b7789,c7a6d4e2-db09-4c48-a933-55a871cb39e6
2025-07-12 05:55:28,0,kube_pod_container_status_restarts_total,beyla,10.244.1.4:8080,prometheus.scrape.annotated_pods,nimbusguard,beyla-b7789,c7a6d4e2-db09-4c48-a933-55a871cb39e6
2025-07-12 05:56:28,0,kube_pod_container_status_restarts_total,beyla,10.244.1.4:8080,prometheus.scrape.annotated_pods,nimbusguard,beyla-b7789,c7a6d4e2-db09-4c48-a933-55a871cb39e6
2025-07-12 05:57:28,0,kube_pod_container_status_restarts_total,beyla,10.244.1.4:8080,prometheus.scrape.annotated_pods,nimbusguard,beyla-b7789,c7a6d4e2-db09-4c48-a933-55a871cb39e6
2025-07-12 05:58:28,0,kube_pod_container_status_restarts_total,beyla,10.244.1.4:8080,prometheus.scrape.annotated_pods,nimbusguard,beyla-b7789,c7a6d4e2-db09-4c48-a933-55a871cb39e6
2025-07-12 05:59:28,0,kube_pod_container_status_restarts_total,beyla,10.244.1.4:8080,prometheus.scrape.annotated_pods,nimbusguard,beyla-b7789,c7a6d4e2-db09-4c48-a933-55a871cb39e6
2025-07-12 06:00:28,0,kube_pod_container_status_restarts_total,beyla,10.244.1.4:8080,prometheus.scrape.annotated_pods,nimbusguard,beyla-b7789,c7a6d4e2-db09-4c48-a933-55a871cb39e6
2025-07-12 06:01:28,0,kube_pod_container_status_restarts_total,beyla,10.244.1.4:8080,prometheus.scrape.annotated_pods,nimbusguard,beyla-b7789,c7a6d4e2-db09-4c48-a933-55a871cb39e6
2025-07-12 06:02:28,0,kube_pod_container_status_restarts_total,beyla,10.244.1.4:8080,prometheus.scrape.annotated_pods,nimbusguard,beyla-b7789,c7a6d4e2-db09-4c48-a933-55a871cb39e6
2025-07-12 06:03:28,0,kube_pod_container_status_restarts_total,beyla,10.244.1.4:8080,prometheus.scrape.annotated_pods,nimbusguard,beyla-b7789,c7a6d4e2-db09-4c48-a933-55a871cb39e6
2025-07-12 06:04:28,0,kube_pod_container_status_restarts_total,beyla,10.244.1.4:8080,prometheus.scrape.annotated_pods,nimbusguard,beyla-b7789,c7a6d4e2-db09-4c48-a933-55a871cb39e6
2025-07-12 06:05:28,0,kube_pod_container_status_restarts_total,beyla,10.244.1.4:8080,prometheus.scrape.annotated_pods,nimbusguard,beyla-b7789,c7a6d4e2-db09-4c48-a933-55a871cb39e6
2025-07-12 06:06:28,0,kube_pod_container_status_restarts_total,beyla,10.244.1.4:8080,prometheus.scrape.annotated_pods,nimbusguard,beyla-b7789,c7a6d4e2-db09-4c48-a933-55a871cb39e6
2025-07-12 06:07:28,0,kube_pod_container_status_restarts_total,beyla,10.244.1.4:8080,prometheus.scrape.annotated_pods,nimbusguard,beyla-b7789,c7a6d4e2-db09-4c48-a933-55a871cb39e6
2025-07-12 06:08:28,0,kube_pod_container_status_restarts_total,beyla,10.244.1.4:8080,prometheus.scrape.annotated_pods,nimbusguard,beyla-b7789,c7a6d4e2-db09-4c48-a933-55a871cb39e6
2025-07-12 06:09:28,0,kube_pod_container_status_restarts_total,beyla,10.244.1.4:8080,prometheus.scrape.annotated_pods,nimbusguard,beyla-b7789,c7a6d4e2-db09-4c48-a933-55a871cb39e6
2025-07-12 06:10:28,0,kube_pod_container_status_restarts_total,beyla,10.244.1.4:8080,prometheus.scrape.annotated_pods,nimbusguard,beyla-b7789,c7a6d4e2-db09-4c48-a933-55a871cb39e6
2025-07-12 06:11:28,0,kube_pod_container_status_restarts_total,beyla,10.244.1.4:8080,prometheus.scrape.annotated_pods,nimbusguard,beyla-b7789,c7a6d4e2-db09-4c48-a933-55a871cb39e6
2025-07-12 06:12:28,0,kube_pod_container_status_restarts_total,beyla,10.244.1.4:8080,prometheus.scrape.annotated_pods,nimbusguard,beyla-b7789,c7a6d4e2-db09-4c48-a933-55a871cb39e6
2025-07-12 06:13:28,0,kube_pod_container_status_restarts_total,beyla,10.244.1.4:8080,prometheus.scrape.annotated_pods,nimbusguard,beyla-b7789,c7a6d4e2-db09-4c48-a933-55a871cb39e6
2025-07-12 05:29:28,0,kube_pod_container_status_restarts_total,beyla,10.244.1.4:8080,prometheus.scrape.annotated_pods,nimbusguard,beyla-h42cg,47a2a73f-e6f6-46e1-94ec-2dc7ae800fb4
2025-07-12 05:30:28,0,kube_pod_container_status_restarts_total,beyla,10.244.1.4:8080,prometheus.scrape.annotated_pods,nimbusguard,beyla-h42cg,47a2a73f-e6f6-46e1-94ec-2dc7ae800fb4
2025-07-12 05:31:28,0,kube_pod_container_status_restarts_total,beyla,10.244.1.4:8080,prometheus.scrape.annotated_pods,nimbusguard,beyla-h42cg,47a2a73f-e6f6-46e1-94ec-2dc7ae800fb4
2025-07-12 05:32:28,0,kube_pod_container_status_restarts_total,beyla,10.244.1.4:8080,prometheus.scrape.annotated_pods,nimbusguard,beyla-h42cg,47a2a73f-e6f6-46e1-94ec-2dc7ae800fb4
2025-07-12 05:33:28,0,kube_pod_container_status_restarts_total,beyla,10.244.1.4:8080,prometheus.scrape.annotated_pods,nimbusguard,beyla-h42cg,47a2a73f-e6f6-46e1-94ec-2dc7ae800fb4
2025-07-12 05:34:28,0,kube_pod_container_status_restarts_total,beyla,10.244.1.4:8080,prometheus.scrape.annotated_pods,nimbusguard,beyla-h42cg,47a2a73f-e6f6-46e1-94ec-2dc7ae800fb4
2025-07-12 05:35:28,0,kube_pod_container_status_restarts_total,beyla,10.244.1.4:8080,prometheus.scrape.annotated_pods,nimbusguard,beyla-h42cg,47a2a73f-e6f6-46e1-94ec-2dc7ae800fb4
2025-07-12 05:36:28,0,kube_pod_container_status_restarts_total,beyla,10.244.1.4:8080,prometheus.scrape.annotated_pods,nimbusguard,beyla-h42cg,47a2a73f-e6f6-46e1-94ec-2dc7ae800fb4
2025-07-12 05:37:28,0,kube_pod_container_status_restarts_total,beyla,10.244.1.4:8080,prometheus.scrape.annotated_pods,nimbusguard,beyla-h42cg,47a2a73f-e6f6-46e1-94ec-2dc7ae800fb4
2025-07-12 05:38:28,0,kube_pod_container_status_restarts_total,beyla,10.244.1.4:8080,prometheus.scrape.annotated_pods,nimbusguard,beyla-h42cg,47a2a73f-e6f6-46e1-94ec-2dc7ae800fb4
2025-07-12 05:39:28,0,kube_pod_container_status_restarts_total,beyla,10.244.1.4:8080,prometheus.scrape.annotated_pods,nimbusguard,beyla-h42cg,47a2a73f-e6f6-46e1-94ec-2dc7ae800fb4
2025-07-12 05:40:28,0,kube_pod_container_status_restarts_total,beyla,10.244.1.4:8080,prometheus.scrape.annotated_pods,nimbusguard,beyla-h42cg,47a2a73f-e6f6-46e1-94ec-2dc7ae800fb4
2025-07-12 05:41:28,0,kube_pod_container_status_restarts_total,beyla,10.244.1.4:8080,prometheus.scrape.annotated_pods,nimbusguard,beyla-h42cg,47a2a73f-e6f6-46e1-94ec-2dc7ae800fb4
2025-07-12 05:42:28,0,kube_pod_container_status_restarts_total,beyla,10.244.1.4:8080,prometheus.scrape.annotated_pods,nimbusguard,beyla-h42cg,47a2a73f-e6f6-46e1-94ec-2dc7ae800fb4
2025-07-12 05:43:28,0,kube_pod_container_status_restarts_total,beyla,10.244.1.4:8080,prometheus.scrape.annotated_pods,nimbusguard,beyla-h42cg,47a2a73f-e6f6-46e1-94ec-2dc7ae800fb4
2025-07-12 05:44:28,0,kube_pod_container_status_restarts_total,beyla,10.244.1.4:8080,prometheus.scrape.annotated_pods,nimbusguard,beyla-h42cg,47a2a73f-e6f6-46e1-94ec-2dc7ae800fb4
2025-07-12 05:45:28,0,kube_pod_container_status_restarts_total,beyla,10.244.1.4:8080,prometheus.scrape.annotated_pods,nimbusguard,beyla-h42cg,47a2a73f-e6f6-46e1-94ec-2dc7ae800fb4
2025-07-12 05:46:28,0,kube_pod_container_status_restarts_total,beyla,10.244.1.4:8080,prometheus.scrape.annotated_pods,nimbusguard,beyla-h42cg,47a2a73f-e6f6-46e1-94ec-2dc7ae800fb4
2025-07-12 05:47:28,0,kube_pod_container_status_restarts_total,beyla,10.244.1.4:8080,prometheus.scrape.annotated_pods,nimbusguard,beyla-h42cg,47a2a73f-e6f6-46e1-94ec-2dc7ae800fb4
2025-07-12 05:48:28,0,kube_pod_container_status_restarts_total,beyla,10.244.1.4:8080,prometheus.scrape.annotated_pods,nimbusguard,beyla-h42cg,47a2a73f-e6f6-46e1-94ec-2dc7ae800fb4
2025-07-12 05:49:28,0,kube_pod_container_status_restarts_total,beyla,10.244.1.4:8080,prometheus.scrape.annotated_pods,nimbusguard,beyla-h42cg,47a2a73f-e6f6-46e1-94ec-2dc7ae800fb4
2025-07-12 05:50:28,0,kube_pod_container_status_restarts_total,beyla,10.244.1.4:8080,prometheus.scrape.annotated_pods,nimbusguard,beyla-h42cg,47a2a73f-e6f6-46e1-94ec-2dc7ae800fb4
2025-07-12 05:51:28,0,kube_pod_container_status_restarts_total,beyla,10.244.1.4:8080,prometheus.scrape.annotated_pods,nimbusguard,beyla-h42cg,47a2a73f-e6f6-46e1-94ec-2dc7ae800fb4
2025-07-12 05:52:28,0,kube_pod_container_status_restarts_total,beyla,10.244.1.4:8080,prometheus.scrape.annotated_pods,nimbusguard,beyla-h42cg,47a2a73f-e6f6-46e1-94ec-2dc7ae800fb4
2025-07-12 05:53:28,0,kube_pod_container_status_restarts_total,beyla,10.244.1.4:8080,prometheus.scrape.annotated_pods,nimbusguard,beyla-h42cg,47a2a73f-e6f6-46e1-94ec-2dc7ae800fb4
2025-07-12 05:54:28,0,kube_pod_container_status_restarts_total,beyla,10.244.1.4:8080,prometheus.scrape.annotated_pods,nimbusguard,beyla-h42cg,47a2a73f-e6f6-46e1-94ec-2dc7ae800fb4
2025-07-12 05:55:28,0,kube_pod_container_status_restarts_total,beyla,10.244.1.4:8080,prometheus.scrape.annotated_pods,nimbusguard,beyla-h42cg,47a2a73f-e6f6-46e1-94ec-2dc7ae800fb4
2025-07-12 05:56:28,0,kube_pod_container_status_restarts_total,beyla,10.244.1.4:8080,prometheus.scrape.annotated_pods,nimbusguard,beyla-h42cg,47a2a73f-e6f6-46e1-94ec-2dc7ae800fb4
2025-07-12 05:57:28,0,kube_pod_container_status_restarts_total,beyla,10.244.1.4:8080,prometheus.scrape.annotated_pods,nimbusguard,beyla-h42cg,47a2a73f-e6f6-46e1-94ec-2dc7ae800fb4
2025-07-12 05:58:28,0,kube_pod_container_status_restarts_total,beyla,10.244.1.4:8080,prometheus.scrape.annotated_pods,nimbusguard,beyla-h42cg,47a2a73f-e6f6-46e1-94ec-2dc7ae800fb4
2025-07-12 05:59:28,0,kube_pod_container_status_restarts_total,beyla,10.244.1.4:8080,prometheus.scrape.annotated_pods,nimbusguard,beyla-h42cg,47a2a73f-e6f6-46e1-94ec-2dc7ae800fb4
2025-07-12 06:00:28,0,kube_pod_container_status_restarts_total,beyla,10.244.1.4:8080,prometheus.scrape.annotated_pods,nimbusguard,beyla-h42cg,47a2a73f-e6f6-46e1-94ec-2dc7ae800fb4
2025-07-12 06:01:28,0,kube_pod_container_status_restarts_total,beyla,10.244.1.4:8080,prometheus.scrape.annotated_pods,nimbusguard,beyla-h42cg,47a2a73f-e6f6-46e1-94ec-2dc7ae800fb4
2025-07-12 06:02:28,0,kube_pod_container_status_restarts_total,beyla,10.244.1.4:8080,prometheus.scrape.annotated_pods,nimbusguard,beyla-h42cg,47a2a73f-e6f6-46e1-94ec-2dc7ae800fb4
2025-07-12 06:03:28,0,kube_pod_container_status_restarts_total,beyla,10.244.1.4:8080,prometheus.scrape.annotated_pods,nimbusguard,beyla-h42cg,47a2a73f-e6f6-46e1-94ec-2dc7ae800fb4
2025-07-12 06:04:28,0,kube_pod_container_status_restarts_total,beyla,10.244.1.4:8080,prometheus.scrape.annotated_pods,nimbusguard,beyla-h42cg,47a2a73f-e6f6-46e1-94ec-2dc7ae800fb4
2025-07-12 06:05:28,0,kube_pod_container_status_restarts_total,beyla,10.244.1.4:8080,prometheus.scrape.annotated_pods,nimbusguard,beyla-h42cg,47a2a73f-e6f6-46e1-94ec-2dc7ae800fb4
2025-07-12 06:06:28,0,kube_pod_container_status_restarts_total,beyla,10.244.1.4:8080,prometheus.scrape.annotated_pods,nimbusguard,beyla-h42cg,47a2a73f-e6f6-46e1-94ec-2dc7ae800fb4
2025-07-12 06:07:28,0,kube_pod_container_status_restarts_total,beyla,10.244.1.4:8080,prometheus.scrape.annotated_pods,nimbusguard,beyla-h42cg,47a2a73f-e6f6-46e1-94ec-2dc7ae800fb4
2025-07-12 06:08:28,0,kube_pod_container_status_restarts_total,beyla,10.244.1.4:8080,prometheus.scrape.annotated_pods,nimbusguard,beyla-h42cg,47a2a73f-e6f6-46e1-94ec-2dc7ae800fb4
2025-07-12 06:09:28,0,kube_pod_container_status_restarts_total,beyla,10.244.1.4:8080,prometheus.scrape.annotated_pods,nimbusguard,beyla-h42cg,47a2a73f-e6f6-46e1-94ec-2dc7ae800fb4
2025-07-12 06:10:28,0,kube_pod_container_status_restarts_total,beyla,10.244.1.4:8080,prometheus.scrape.annotated_pods,nimbusguard,beyla-h42cg,47a2a73f-e6f6-46e1-94ec-2dc7ae800fb4
2025-07-12 06:11:28,0,kube_pod_container_status_restarts_total,beyla,10.244.1.4:8080,prometheus.scrape.annotated_pods,nimbusguard,beyla-h42cg,47a2a73f-e6f6-46e1-94ec-2dc7ae800fb4
2025-07-12 06:12:28,0,kube_pod_container_status_restarts_total,beyla,10.244.1.4:8080,prometheus.scrape.annotated_pods,nimbusguard,beyla-h42cg,47a2a73f-e6f6-46e1-94ec-2dc7ae800fb4
2025-07-12 06:13:28,0,kube_pod_container_status_restarts_total,beyla,10.244.1.4:8080,prometheus.scrape.annotated_pods,nimbusguard,beyla-h42cg,47a2a73f-e6f6-46e1-94ec-2dc7ae800fb4
2025-07-12 05:29:28,0,kube_pod_container_status_restarts_total,beyla,10.244.1.4:8080,prometheus.scrape.annotated_pods,nimbusguard,beyla-n4s2z,7bbb7d78-48b5-4767-a5b9-b49d2be67079
2025-07-12 05:30:28,0,kube_pod_container_status_restarts_total,beyla,10.244.1.4:8080,prometheus.scrape.annotated_pods,nimbusguard,beyla-n4s2z,7bbb7d78-48b5-4767-a5b9-b49d2be67079
2025-07-12 05:31:28,0,kube_pod_container_status_restarts_total,beyla,10.244.1.4:8080,prometheus.scrape.annotated_pods,nimbusguard,beyla-n4s2z,7bbb7d78-48b5-4767-a5b9-b49d2be67079
2025-07-12 05:32:28,0,kube_pod_container_status_restarts_total,beyla,10.244.1.4:8080,prometheus.scrape.annotated_pods,nimbusguard,beyla-n4s2z,7bbb7d78-48b5-4767-a5b9-b49d2be67079
2025-07-12 05:33:28,0,kube_pod_container_status_restarts_total,beyla,10.244.1.4:8080,prometheus.scrape.annotated_pods,nimbusguard,beyla-n4s2z,7bbb7d78-48b5-4767-a5b9-b49d2be67079
2025-07-12 05:34:28,0,kube_pod_container_status_restarts_total,beyla,10.244.1.4:8080,prometheus.scrape.annotated_pods,nimbusguard,beyla-n4s2z,7bbb7d78-48b5-4767-a5b9-b49d2be67079
2025-07-12 05:35:28,0,kube_pod_container_status_restarts_total,beyla,10.244.1.4:8080,prometheus.scrape.annotated_pods,nimbusguard,beyla-n4s2z,7bbb7d78-48b5-4767-a5b9-b49d2be67079
2025-07-12 05:36:28,0,kube_pod_container_status_restarts_total,beyla,10.244.1.4:8080,prometheus.scrape.annotated_pods,nimbusguard,beyla-n4s2z,7bbb7d78-48b5-4767-a5b9-b49d2be67079
2025-07-12 05:37:28,0,kube_pod_container_status_restarts_total,beyla,10.244.1.4:8080,prometheus.scrape.annotated_pods,nimbusguard,beyla-n4s2z,7bbb7d78-48b5-4767-a5b9-b49d2be67079
2025-07-12 05:38:28,0,kube_pod_container_status_restarts_total,beyla,10.244.1.4:8080,prometheus.scrape.annotated_pods,nimbusguard,beyla-n4s2z,7bbb7d78-48b5-4767-a5b9-b49d2be67079
2025-07-12 05:39:28,0,kube_pod_container_status_restarts_total,beyla,10.244.1.4:8080,prometheus.scrape.annotated_pods,nimbusguard,beyla-n4s2z,7bbb7d78-48b5-4767-a5b9-b49d2be67079
2025-07-12 05:40:28,0,kube_pod_container_status_restarts_total,beyla,10.244.1.4:8080,prometheus.scrape.annotated_pods,nimbusguard,beyla-n4s2z,7bbb7d78-48b5-4767-a5b9-b49d2be67079
2025-07-12 05:41:28,0,kube_pod_container_status_restarts_total,beyla,10.244.1.4:8080,prometheus.scrape.annotated_pods,nimbusguard,beyla-n4s2z,7bbb7d78-48b5-4767-a5b9-b49d2be67079
2025-07-12 05:42:28,0,kube_pod_container_status_restarts_total,beyla,10.244.1.4:8080,prometheus.scrape.annotated_pods,nimbusguard,beyla-n4s2z,7bbb7d78-48b5-4767-a5b9-b49d2be67079
2025-07-12 05:43:28,0,kube_pod_container_status_restarts_total,beyla,10.244.1.4:8080,prometheus.scrape.annotated_pods,nimbusguard,beyla-n4s2z,7bbb7d78-48b5-4767-a5b9-b49d2be67079
2025-07-12 05:44:28,0,kube_pod_container_status_restarts_total,beyla,10.244.1.4:8080,prometheus.scrape.annotated_pods,nimbusguard,beyla-n4s2z,7bbb7d78-48b5-4767-a5b9-b49d2be67079
2025-07-12 05:45:28,0,kube_pod_container_status_restarts_total,beyla,10.244.1.4:8080,prometheus.scrape.annotated_pods,nimbusguard,beyla-n4s2z,7bbb7d78-48b5-4767-a5b9-b49d2be67079
2025-07-12 05:46:28,0,kube_pod_container_status_restarts_total,beyla,10.244.1.4:8080,prometheus.scrape.annotated_pods,nimbusguard,beyla-n4s2z,7bbb7d78-48b5-4767-a5b9-b49d2be67079
2025-07-12 05:47:28,0,kube_pod_container_status_restarts_total,beyla,10.244.1.4:8080,prometheus.scrape.annotated_pods,nimbusguard,beyla-n4s2z,7bbb7d78-48b5-4767-a5b9-b49d2be67079
2025-07-12 05:48:28,0,kube_pod_container_status_restarts_total,beyla,10.244.1.4:8080,prometheus.scrape.annotated_pods,nimbusguard,beyla-n4s2z,7bbb7d78-48b5-4767-a5b9-b49d2be67079
2025-07-12 05:49:28,0,kube_pod_container_status_restarts_total,beyla,10.244.1.4:8080,prometheus.scrape.annotated_pods,nimbusguard,beyla-n4s2z,7bbb7d78-48b5-4767-a5b9-b49d2be67079
2025-07-12 05:50:28,0,kube_pod_container_status_restarts_total,beyla,10.244.1.4:8080,prometheus.scrape.annotated_pods,nimbusguard,beyla-n4s2z,7bbb7d78-48b5-4767-a5b9-b49d2be67079
2025-07-12 05:51:28,0,kube_pod_container_status_restarts_total,beyla,10.244.1.4:8080,prometheus.scrape.annotated_pods,nimbusguard,beyla-n4s2z,7bbb7d78-48b5-4767-a5b9-b49d2be67079
2025-07-12 05:52:28,0,kube_pod_container_status_restarts_total,beyla,10.244.1.4:8080,prometheus.scrape.annotated_pods,nimbusguard,beyla-n4s2z,7bbb7d78-48b5-4767-a5b9-b49d2be67079
2025-07-12 05:53:28,0,kube_pod_container_status_restarts_total,beyla,10.244.1.4:8080,prometheus.scrape.annotated_pods,nimbusguard,beyla-n4s2z,7bbb7d78-48b5-4767-a5b9-b49d2be67079
2025-07-12 05:54:28,0,kube_pod_container_status_restarts_total,beyla,10.244.1.4:8080,prometheus.scrape.annotated_pods,nimbusguard,beyla-n4s2z,7bbb7d78-48b5-4767-a5b9-b49d2be67079
2025-07-12 05:55:28,0,kube_pod_container_status_restarts_total,beyla,10.244.1.4:8080,prometheus.scrape.annotated_pods,nimbusguard,beyla-n4s2z,7bbb7d78-48b5-4767-a5b9-b49d2be67079
2025-07-12 05:56:28,0,kube_pod_container_status_restarts_total,beyla,10.244.1.4:8080,prometheus.scrape.annotated_pods,nimbusguard,beyla-n4s2z,7bbb7d78-48b5-4767-a5b9-b49d2be67079
2025-07-12 05:57:28,0,kube_pod_container_status_restarts_total,beyla,10.244.1.4:8080,prometheus.scrape.annotated_pods,nimbusguard,beyla-n4s2z,7bbb7d78-48b5-4767-a5b9-b49d2be67079
2025-07-12 05:58:28,0,kube_pod_container_status_restarts_total,beyla,10.244.1.4:8080,prometheus.scrape.annotated_pods,nimbusguard,beyla-n4s2z,7bbb7d78-48b5-4767-a5b9-b49d2be67079
2025-07-12 05:59:28,0,kube_pod_container_status_restarts_total,beyla,10.244.1.4:8080,prometheus.scrape.annotated_pods,nimbusguard,beyla-n4s2z,7bbb7d78-48b5-4767-a5b9-b49d2be67079
2025-07-12 06:00:28,0,kube_pod_container_status_restarts_total,beyla,10.244.1.4:8080,prometheus.scrape.annotated_pods,nimbusguard,beyla-n4s2z,7bbb7d78-48b5-4767-a5b9-b49d2be67079
2025-07-12 06:01:28,0,kube_pod_container_status_restarts_total,beyla,10.244.1.4:8080,prometheus.scrape.annotated_pods,nimbusguard,beyla-n4s2z,7bbb7d78-48b5-4767-a5b9-b49d2be67079
2025-07-12 06:02:28,0,kube_pod_container_status_restarts_total,beyla,10.244.1.4:8080,prometheus.scrape.annotated_pods,nimbusguard,beyla-n4s2z,7bbb7d78-48b5-4767-a5b9-b49d2be67079
2025-07-12 06:03:28,0,kube_pod_container_status_restarts_total,beyla,10.244.1.4:8080,prometheus.scrape.annotated_pods,nimbusguard,beyla-n4s2z,7bbb7d78-48b5-4767-a5b9-b49d2be67079
2025-07-12 06:04:28,0,kube_pod_container_status_restarts_total,beyla,10.244.1.4:8080,prometheus.scrape.annotated_pods,nimbusguard,beyla-n4s2z,7bbb7d78-48b5-4767-a5b9-b49d2be67079
2025-07-12 06:05:28,0,kube_pod_container_status_restarts_total,beyla,10.244.1.4:8080,prometheus.scrape.annotated_pods,nimbusguard,beyla-n4s2z,7bbb7d78-48b5-4767-a5b9-b49d2be67079
2025-07-12 06:06:28,0,kube_pod_container_status_restarts_total,beyla,10.244.1.4:8080,prometheus.scrape.annotated_pods,nimbusguard,beyla-n4s2z,7bbb7d78-48b5-4767-a5b9-b49d2be67079
2025-07-12 06:07:28,0,kube_pod_container_status_restarts_total,beyla,10.244.1.4:8080,prometheus.scrape.annotated_pods,nimbusguard,beyla-n4s2z,7bbb7d78-48b5-4767-a5b9-b49d2be67079
2025-07-12 06:08:28,0,kube_pod_container_status_restarts_total,beyla,10.244.1.4:8080,prometheus.scrape.annotated_pods,nimbusguard,beyla-n4s2z,7bbb7d78-48b5-4767-a5b9-b49d2be67079
2025-07-12 06:09:28,0,kube_pod_container_status_restarts_total,beyla,10.244.1.4:8080,prometheus.scrape.annotated_pods,nimbusguard,beyla-n4s2z,7bbb7d78-48b5-4767-a5b9-b49d2be67079
2025-07-12 06:10:28,0,kube_pod_container_status_restarts_total,beyla,10.244.1.4:8080,prometheus.scrape.annotated_pods,nimbusguard,beyla-n4s2z,7bbb7d78-48b5-4767-a5b9-b49d2be67079
2025-07-12 06:11:28,0,kube_pod_container_status_restarts_total,beyla,10.244.1.4:8080,prometheus.scrape.annotated_pods,nimbusguard,beyla-n4s2z,7bbb7d78-48b5-4767-a5b9-b49d2be67079
2025-07-12 06:12:28,0,kube_pod_container_status_restarts_total,beyla,10.244.1.4:8080,prometheus.scrape.annotated_pods,nimbusguard,beyla-n4s2z,7bbb7d78-48b5-4767-a5b9-b49d2be67079
2025-07-12 06:13:28,0,kube_pod_container_status_restarts_total,beyla,10.244.1.4:8080,prometheus.scrape.annotated_pods,nimbusguard,beyla-n4s2z,7bbb7d78-48b5-4767-a5b9-b49d2be67079
2025-07-12 05:30:28,0,kube_pod_container_status_restarts_total,beyla,kube-state-metrics.nimbusguard.svc:8080,prometheus.scrape.kube_state_metrics,nimbusguard,beyla-b7789,c7a6d4e2-db09-4c48-a933-55a871cb39e6
2025-07-12 05:31:28,0,kube_pod_container_status_restarts_total,beyla,kube-state-metrics.nimbusguard.svc:8080,prometheus.scrape.kube_state_metrics,nimbusguard,beyla-b7789,c7a6d4e2-db09-4c48-a933-55a871cb39e6
2025-07-12 05:32:28,0,kube_pod_container_status_restarts_total,beyla,kube-state-metrics.nimbusguard.svc:8080,prometheus.scrape.kube_state_metrics,nimbusguard,beyla-b7789,c7a6d4e2-db09-4c48-a933-55a871cb39e6
2025-07-12 05:33:28,0,kube_pod_container_status_restarts_total,beyla,kube-state-metrics.nimbusguard.svc:8080,prometheus.scrape.kube_state_metrics,nimbusguard,beyla-b7789,c7a6d4e2-db09-4c48-a933-55a871cb39e6
2025-07-12 05:34:28,0,kube_pod_container_status_restarts_total,beyla,kube-state-metrics.nimbusguard.svc:8080,prometheus.scrape.kube_state_metrics,nimbusguard,beyla-b7789,c7a6d4e2-db09-4c48-a933-55a871cb39e6
2025-07-12 05:35:28,0,kube_pod_container_status_restarts_total,beyla,kube-state-metrics.nimbusguard.svc:8080,prometheus.scrape.kube_state_metrics,nimbusguard,beyla-b7789,c7a6d4e2-db09-4c48-a933-55a871cb39e6
2025-07-12 05:36:28,0,kube_pod_container_status_restarts_total,beyla,kube-state-metrics.nimbusguard.svc:8080,prometheus.scrape.kube_state_metrics,nimbusguard,beyla-b7789,c7a6d4e2-db09-4c48-a933-55a871cb39e6
2025-07-12 05:37:28,0,kube_pod_container_status_restarts_total,beyla,kube-state-metrics.nimbusguard.svc:8080,prometheus.scrape.kube_state_metrics,nimbusguard,beyla-b7789,c7a6d4e2-db09-4c48-a933-55a871cb39e6
2025-07-12 05:38:28,0,kube_pod_container_status_restarts_total,beyla,kube-state-metrics.nimbusguard.svc:8080,prometheus.scrape.kube_state_metrics,nimbusguard,beyla-b7789,c7a6d4e2-db09-4c48-a933-55a871cb39e6
2025-07-12 05:39:28,0,kube_pod_container_status_restarts_total,beyla,kube-state-metrics.nimbusguard.svc:8080,prometheus.scrape.kube_state_metrics,nimbusguard,beyla-b7789,c7a6d4e2-db09-4c48-a933-55a871cb39e6
2025-07-12 05:40:28,0,kube_pod_container_status_restarts_total,beyla,kube-state-metrics.nimbusguard.svc:8080,prometheus.scrape.kube_state_metrics,nimbusguard,beyla-b7789,c7a6d4e2-db09-4c48-a933-55a871cb39e6
2025-07-12 05:41:28,0,kube_pod_container_status_restarts_total,beyla,kube-state-metrics.nimbusguard.svc:8080,prometheus.scrape.kube_state_metrics,nimbusguard,beyla-b7789,c7a6d4e2-db09-4c48-a933-55a871cb39e6
2025-07-12 05:42:28,0,kube_pod_container_status_restarts_total,beyla,kube-state-metrics.nimbusguard.svc:8080,prometheus.scrape.kube_state_metrics,nimbusguard,beyla-b7789,c7a6d4e2-db09-4c48-a933-55a871cb39e6
2025-07-12 05:43:28,0,kube_pod_container_status_restarts_total,beyla,kube-state-metrics.nimbusguard.svc:8080,prometheus.scrape.kube_state_metrics,nimbusguard,beyla-b7789,c7a6d4e2-db09-4c48-a933-55a871cb39e6
2025-07-12 05:44:28,0,kube_pod_container_status_restarts_total,beyla,kube-state-metrics.nimbusguard.svc:8080,prometheus.scrape.kube_state_metrics,nimbusguard,beyla-b7789,c7a6d4e2-db09-4c48-a933-55a871cb39e6
2025-07-12 05:45:28,0,kube_pod_container_status_restarts_total,beyla,kube-state-metrics.nimbusguard.svc:8080,prometheus.scrape.kube_state_metrics,nimbusguard,beyla-b7789,c7a6d4e2-db09-4c48-a933-55a871cb39e6
2025-07-12 05:46:28,0,kube_pod_container_status_restarts_total,beyla,kube-state-metrics.nimbusguard.svc:8080,prometheus.scrape.kube_state_metrics,nimbusguard,beyla-b7789,c7a6d4e2-db09-4c48-a933-55a871cb39e6
2025-07-12 05:47:28,0,kube_pod_container_status_restarts_total,beyla,kube-state-metrics.nimbusguard.svc:8080,prometheus.scrape.kube_state_metrics,nimbusguard,beyla-b7789,c7a6d4e2-db09-4c48-a933-55a871cb39e6
2025-07-12 05:48:28,0,kube_pod_container_status_restarts_total,beyla,kube-state-metrics.nimbusguard.svc:8080,prometheus.scrape.kube_state_metrics,nimbusguard,beyla-b7789,c7a6d4e2-db09-4c48-a933-55a871cb39e6
2025-07-12 05:49:28,0,kube_pod_container_status_restarts_total,beyla,kube-state-metrics.nimbusguard.svc:8080,prometheus.scrape.kube_state_metrics,nimbusguard,beyla-b7789,c7a6d4e2-db09-4c48-a933-55a871cb39e6
2025-07-12 05:50:28,0,kube_pod_container_status_restarts_total,beyla,kube-state-metrics.nimbusguard.svc:8080,prometheus.scrape.kube_state_metrics,nimbusguard,beyla-b7789,c7a6d4e2-db09-4c48-a933-55a871cb39e6
2025-07-12 05:51:28,0,kube_pod_container_status_restarts_total,beyla,kube-state-metrics.nimbusguard.svc:8080,prometheus.scrape.kube_state_metrics,nimbusguard,beyla-b7789,c7a6d4e2-db09-4c48-a933-55a871cb39e6
2025-07-12 05:52:28,0,kube_pod_container_status_restarts_total,beyla,kube-state-metrics.nimbusguard.svc:8080,prometheus.scrape.kube_state_metrics,nimbusguard,beyla-b7789,c7a6d4e2-db09-4c48-a933-55a871cb39e6
2025-07-12 05:53:28,0,kube_pod_container_status_restarts_total,beyla,kube-state-metrics.nimbusguard.svc:8080,prometheus.scrape.kube_state_metrics,nimbusguard,beyla-b7789,c7a6d4e2-db09-4c48-a933-55a871cb39e6
2025-07-12 05:54:28,0,kube_pod_container_status_restarts_total,beyla,kube-state-metrics.nimbusguard.svc:8080,prometheus.scrape.kube_state_metrics,nimbusguard,beyla-b7789,c7a6d4e2-db09-4c48-a933-55a871cb39e6
2025-07-12 05:55:28,0,kube_pod_container_status_restarts_total,beyla,kube-state-metrics.nimbusguard.svc:8080,prometheus.scrape.kube_state_metrics,nimbusguard,beyla-b7789,c7a6d4e2-db09-4c48-a933-55a871cb39e6
2025-07-12 05:56:28,0,kube_pod_container_status_restarts_total,beyla,kube-state-metrics.nimbusguard.svc:8080,prometheus.scrape.kube_state_metrics,nimbusguard,beyla-b7789,c7a6d4e2-db09-4c48-a933-55a871cb39e6
2025-07-12 05:57:28,0,kube_pod_container_status_restarts_total,beyla,kube-state-metrics.nimbusguard.svc:8080,prometheus.scrape.kube_state_metrics,nimbusguard,beyla-b7789,c7a6d4e2-db09-4c48-a933-55a871cb39e6
2025-07-12 05:58:28,0,kube_pod_container_status_restarts_total,beyla,kube-state-metrics.nimbusguard.svc:8080,prometheus.scrape.kube_state_metrics,nimbusguard,beyla-b7789,c7a6d4e2-db09-4c48-a933-55a871cb39e6
2025-07-12 05:59:28,0,kube_pod_container_status_restarts_total,beyla,kube-state-metrics.nimbusguard.svc:8080,prometheus.scrape.kube_state_metrics,nimbusguard,beyla-b7789,c7a6d4e2-db09-4c48-a933-55a871cb39e6
2025-07-12 06:00:28,0,kube_pod_container_status_restarts_total,beyla,kube-state-metrics.nimbusguard.svc:8080,prometheus.scrape.kube_state_metrics,nimbusguard,beyla-b7789,c7a6d4e2-db09-4c48-a933-55a871cb39e6
2025-07-12 06:01:28,0,kube_pod_container_status_restarts_total,beyla,kube-state-metrics.nimbusguard.svc:8080,prometheus.scrape.kube_state_metrics,nimbusguard,beyla-b7789,c7a6d4e2-db09-4c48-a933-55a871cb39e6
2025-07-12 06:02:28,0,kube_pod_container_status_restarts_total,beyla,kube-state-metrics.nimbusguard.svc:8080,prometheus.scrape.kube_state_metrics,nimbusguard,beyla-b7789,c7a6d4e2-db09-4c48-a933-55a871cb39e6
2025-07-12 06:03:28,0,kube_pod_container_status_restarts_total,beyla,kube-state-metrics.nimbusguard.svc:8080,prometheus.scrape.kube_state_metrics,nimbusguard,beyla-b7789,c7a6d4e2-db09-4c48-a933-55a871cb39e6
2025-07-12 06:04:28,0,kube_pod_container_status_restarts_total,beyla,kube-state-metrics.nimbusguard.svc:8080,prometheus.scrape.kube_state_metrics,nimbusguard,beyla-b7789,c7a6d4e2-db09-4c48-a933-55a871cb39e6
2025-07-12 06:05:28,0,kube_pod_container_status_restarts_total,beyla,kube-state-metrics.nimbusguard.svc:8080,prometheus.scrape.kube_state_metrics,nimbusguard,beyla-b7789,c7a6d4e2-db09-4c48-a933-55a871cb39e6
2025-07-12 06:06:28,0,kube_pod_container_status_restarts_total,beyla,kube-state-metrics.nimbusguard.svc:8080,prometheus.scrape.kube_state_metrics,nimbusguard,beyla-b7789,c7a6d4e2-db09-4c48-a933-55a871cb39e6
2025-07-12 06:07:28,0,kube_pod_container_status_restarts_total,beyla,kube-state-metrics.nimbusguard.svc:8080,prometheus.scrape.kube_state_metrics,nimbusguard,beyla-b7789,c7a6d4e2-db09-4c48-a933-55a871cb39e6
2025-07-12 06:08:28,0,kube_pod_container_status_restarts_total,beyla,kube-state-metrics.nimbusguard.svc:8080,prometheus.scrape.kube_state_metrics,nimbusguard,beyla-b7789,c7a6d4e2-db09-4c48-a933-55a871cb39e6
2025-07-12 06:09:28,0,kube_pod_container_status_restarts_total,beyla,kube-state-metrics.nimbusguard.svc:8080,prometheus.scrape.kube_state_metrics,nimbusguard,beyla-b7789,c7a6d4e2-db09-4c48-a933-55a871cb39e6
2025-07-12 06:10:28,0,kube_pod_container_status_restarts_total,beyla,kube-state-metrics.nimbusguard.svc:8080,prometheus.scrape.kube_state_metrics,nimbusguard,beyla-b7789,c7a6d4e2-db09-4c48-a933-55a871cb39e6
2025-07-12 06:11:28,0,kube_pod_container_status_restarts_total,beyla,kube-state-metrics.nimbusguard.svc:8080,prometheus.scrape.kube_state_metrics,nimbusguard,beyla-b7789,c7a6d4e2-db09-4c48-a933-55a871cb39e6
2025-07-12 06:12:28,0,kube_pod_container_status_restarts_total,beyla,kube-state-metrics.nimbusguard.svc:8080,prometheus.scrape.kube_state_metrics,nimbusguard,beyla-b7789,c7a6d4e2-db09-4c48-a933-55a871cb39e6
2025-07-12 06:13:28,0,kube_pod_container_status_restarts_total,beyla,kube-state-metrics.nimbusguard.svc:8080,prometheus.scrape.kube_state_metrics,nimbusguard,beyla-b7789,c7a6d4e2-db09-4c48-a933-55a871cb39e6
2025-07-12 05:30:28,0,kube_pod_container_status_restarts_total,beyla,kube-state-metrics.nimbusguard.svc:8080,prometheus.scrape.kube_state_metrics,nimbusguard,beyla-h42cg,47a2a73f-e6f6-46e1-94ec-2dc7ae800fb4
2025-07-12 05:31:28,0,kube_pod_container_status_restarts_total,beyla,kube-state-metrics.nimbusguard.svc:8080,prometheus.scrape.kube_state_metrics,nimbusguard,beyla-h42cg,47a2a73f-e6f6-46e1-94ec-2dc7ae800fb4
2025-07-12 05:32:28,0,kube_pod_container_status_restarts_total,beyla,kube-state-metrics.nimbusguard.svc:8080,prometheus.scrape.kube_state_metrics,nimbusguard,beyla-h42cg,47a2a73f-e6f6-46e1-94ec-2dc7ae800fb4
2025-07-12 05:33:28,0,kube_pod_container_status_restarts_total,beyla,kube-state-metrics.nimbusguard.svc:8080,prometheus.scrape.kube_state_metrics,nimbusguard,beyla-h42cg,47a2a73f-e6f6-46e1-94ec-2dc7ae800fb4
2025-07-12 05:34:28,0,kube_pod_container_status_restarts_total,beyla,kube-state-metrics.nimbusguard.svc:8080,prometheus.scrape.kube_state_metrics,nimbusguard,beyla-h42cg,47a2a73f-e6f6-46e1-94ec-2dc7ae800fb4
2025-07-12 05:35:28,0,kube_pod_container_status_restarts_total,beyla,kube-state-metrics.nimbusguard.svc:8080,prometheus.scrape.kube_state_metrics,nimbusguard,beyla-h42cg,47a2a73f-e6f6-46e1-94ec-2dc7ae800fb4
2025-07-12 05:36:28,0,kube_pod_container_status_restarts_total,beyla,kube-state-metrics.nimbusguard.svc:8080,prometheus.scrape.kube_state_metrics,nimbusguard,beyla-h42cg,47a2a73f-e6f6-46e1-94ec-2dc7ae800fb4
2025-07-12 05:37:28,0,kube_pod_container_status_restarts_total,beyla,kube-state-metrics.nimbusguard.svc:8080,prometheus.scrape.kube_state_metrics,nimbusguard,beyla-h42cg,47a2a73f-e6f6-46e1-94ec-2dc7ae800fb4
2025-07-12 05:38:28,0,kube_pod_container_status_restarts_total,beyla,kube-state-metrics.nimbusguard.svc:8080,prometheus.scrape.kube_state_metrics,nimbusguard,beyla-h42cg,47a2a73f-e6f6-46e1-94ec-2dc7ae800fb4
2025-07-12 05:39:28,0,kube_pod_container_status_restarts_total,beyla,kube-state-metrics.nimbusguard.svc:8080,prometheus.scrape.kube_state_metrics,nimbusguard,beyla-h42cg,47a2a73f-e6f6-46e1-94ec-2dc7ae800fb4
2025-07-12 05:40:28,0,kube_pod_container_status_restarts_total,beyla,kube-state-metrics.nimbusguard.svc:8080,prometheus.scrape.kube_state_metrics,nimbusguard,beyla-h42cg,47a2a73f-e6f6-46e1-94ec-2dc7ae800fb4
2025-07-12 05:41:28,0,kube_pod_container_status_restarts_total,beyla,kube-state-metrics.nimbusguard.svc:8080,prometheus.scrape.kube_state_metrics,nimbusguard,beyla-h42cg,47a2a73f-e6f6-46e1-94ec-2dc7ae800fb4
2025-07-12 05:42:28,0,kube_pod_container_status_restarts_total,beyla,kube-state-metrics.nimbusguard.svc:8080,prometheus.scrape.kube_state_metrics,nimbusguard,beyla-h42cg,47a2a73f-e6f6-46e1-94ec-2dc7ae800fb4
2025-07-12 05:43:28,0,kube_pod_container_status_restarts_total,beyla,kube-state-metrics.nimbusguard.svc:8080,prometheus.scrape.kube_state_metrics,nimbusguard,beyla-h42cg,47a2a73f-e6f6-46e1-94ec-2dc7ae800fb4
2025-07-12 05:44:28,0,kube_pod_container_status_restarts_total,beyla,kube-state-metrics.nimbusguard.svc:8080,prometheus.scrape.kube_state_metrics,nimbusguard,beyla-h42cg,47a2a73f-e6f6-46e1-94ec-2dc7ae800fb4
2025-07-12 05:45:28,0,kube_pod_container_status_restarts_total,beyla,kube-state-metrics.nimbusguard.svc:8080,prometheus.scrape.kube_state_metrics,nimbusguard,beyla-h42cg,47a2a73f-e6f6-46e1-94ec-2dc7ae800fb4
2025-07-12 05:46:28,0,kube_pod_container_status_restarts_total,beyla,kube-state-metrics.nimbusguard.svc:8080,prometheus.scrape.kube_state_metrics,nimbusguard,beyla-h42cg,47a2a73f-e6f6-46e1-94ec-2dc7ae800fb4
2025-07-12 05:47:28,0,kube_pod_container_status_restarts_total,beyla,kube-state-metrics.nimbusguard.svc:8080,prometheus.scrape.kube_state_metrics,nimbusguard,beyla-h42cg,47a2a73f-e6f6-46e1-94ec-2dc7ae800fb4
2025-07-12 05:48:28,0,kube_pod_container_status_restarts_total,beyla,kube-state-metrics.nimbusguard.svc:8080,prometheus.scrape.kube_state_metrics,nimbusguard,beyla-h42cg,47a2a73f-e6f6-46e1-94ec-2dc7ae800fb4
2025-07-12 05:49:28,0,kube_pod_container_status_restarts_total,beyla,kube-state-metrics.nimbusguard.svc:8080,prometheus.scrape.kube_state_metrics,nimbusguard,beyla-h42cg,47a2a73f-e6f6-46e1-94ec-2dc7ae800fb4
2025-07-12 05:50:28,0,kube_pod_container_status_restarts_total,beyla,kube-state-metrics.nimbusguard.svc:8080,prometheus.scrape.kube_state_metrics,nimbusguard,beyla-h42cg,47a2a73f-e6f6-46e1-94ec-2dc7ae800fb4
2025-07-12 05:51:28,0,kube_pod_container_status_restarts_total,beyla,kube-state-metrics.nimbusguard.svc:8080,prometheus.scrape.kube_state_metrics,nimbusguard,beyla-h42cg,47a2a73f-e6f6-46e1-94ec-2dc7ae800fb4
2025-07-12 05:52:28,0,kube_pod_container_status_restarts_total,beyla,kube-state-metrics.nimbusguard.svc:8080,prometheus.scrape.kube_state_metrics,nimbusguard,beyla-h42cg,47a2a73f-e6f6-46e1-94ec-2dc7ae800fb4
2025-07-12 05:53:28,0,kube_pod_container_status_restarts_total,beyla,kube-state-metrics.nimbusguard.svc:8080,prometheus.scrape.kube_state_metrics,nimbusguard,beyla-h42cg,47a2a73f-e6f6-46e1-94ec-2dc7ae800fb4
2025-07-12 05:54:28,0,kube_pod_container_status_restarts_total,beyla,kube-state-metrics.nimbusguard.svc:8080,prometheus.scrape.kube_state_metrics,nimbusguard,beyla-h42cg,47a2a73f-e6f6-46e1-94ec-2dc7ae800fb4
2025-07-12 05:55:28,0,kube_pod_container_status_restarts_total,beyla,kube-state-metrics.nimbusguard.svc:8080,prometheus.scrape.kube_state_metrics,nimbusguard,beyla-h42cg,47a2a73f-e6f6-46e1-94ec-2dc7ae800fb4
2025-07-12 05:56:28,0,kube_pod_container_status_restarts_total,beyla,kube-state-metrics.nimbusguard.svc:8080,prometheus.scrape.kube_state_metrics,nimbusguard,beyla-h42cg,47a2a73f-e6f6-46e1-94ec-2dc7ae800fb4
2025-07-12 05:57:28,0,kube_pod_container_status_restarts_total,beyla,kube-state-metrics.nimbusguard.svc:8080,prometheus.scrape.kube_state_metrics,nimbusguard,beyla-h42cg,47a2a73f-e6f6-46e1-94ec-2dc7ae800fb4
2025-07-12 05:58:28,0,kube_pod_container_status_restarts_total,beyla,kube-state-metrics.nimbusguard.svc:8080,prometheus.scrape.kube_state_metrics,nimbusguard,beyla-h42cg,47a2a73f-e6f6-46e1-94ec-2dc7ae800fb4
2025-07-12 05:59:28,0,kube_pod_container_status_restarts_total,beyla,kube-state-metrics.nimbusguard.svc:8080,prometheus.scrape.kube_state_metrics,nimbusguard,beyla-h42cg,47a2a73f-e6f6-46e1-94ec-2dc7ae800fb4
2025-07-12 06:00:28,0,kube_pod_container_status_restarts_total,beyla,kube-state-metrics.nimbusguard.svc:8080,prometheus.scrape.kube_state_metrics,nimbusguard,beyla-h42cg,47a2a73f-e6f6-46e1-94ec-2dc7ae800fb4
2025-07-12 06:01:28,0,kube_pod_container_status_restarts_total,beyla,kube-state-metrics.nimbusguard.svc:8080,prometheus.scrape.kube_state_metrics,nimbusguard,beyla-h42cg,47a2a73f-e6f6-46e1-94ec-2dc7ae800fb4
2025-07-12 06:02:28,0,kube_pod_container_status_restarts_total,beyla,kube-state-metrics.nimbusguard.svc:8080,prometheus.scrape.kube_state_metrics,nimbusguard,beyla-h42cg,47a2a73f-e6f6-46e1-94ec-2dc7ae800fb4
2025-07-12 06:03:28,0,kube_pod_container_status_restarts_total,beyla,kube-state-metrics.nimbusguard.svc:8080,prometheus.scrape.kube_state_metrics,nimbusguard,beyla-h42cg,47a2a73f-e6f6-46e1-94ec-2dc7ae800fb4
2025-07-12 06:04:28,0,kube_pod_container_status_restarts_total,beyla,kube-state-metrics.nimbusguard.svc:8080,prometheus.scrape.kube_state_metrics,nimbusguard,beyla-h42cg,47a2a73f-e6f6-46e1-94ec-2dc7ae800fb4
2025-07-12 06:05:28,0,kube_pod_container_status_restarts_total,beyla,kube-state-metrics.nimbusguard.svc:8080,prometheus.scrape.kube_state_metrics,nimbusguard,beyla-h42cg,47a2a73f-e6f6-46e1-94ec-2dc7ae800fb4
2025-07-12 06:06:28,0,kube_pod_container_status_restarts_total,beyla,kube-state-metrics.nimbusguard.svc:8080,prometheus.scrape.kube_state_metrics,nimbusguard,beyla-h42cg,47a2a73f-e6f6-46e1-94ec-2dc7ae800fb4
2025-07-12 06:07:28,0,kube_pod_container_status_restarts_total,beyla,kube-state-metrics.nimbusguard.svc:8080,prometheus.scrape.kube_state_metrics,nimbusguard,beyla-h42cg,47a2a73f-e6f6-46e1-94ec-2dc7ae800fb4
2025-07-12 06:08:28,0,kube_pod_container_status_restarts_total,beyla,kube-state-metrics.nimbusguard.svc:8080,prometheus.scrape.kube_state_metrics,nimbusguard,beyla-h42cg,47a2a73f-e6f6-46e1-94ec-2dc7ae800fb4
2025-07-12 06:09:28,0,kube_pod_container_status_restarts_total,beyla,kube-state-metrics.nimbusguard.svc:8080,prometheus.scrape.kube_state_metrics,nimbusguard,beyla-h42cg,47a2a73f-e6f6-46e1-94ec-2dc7ae800fb4
2025-07-12 06:10:28,0,kube_pod_container_status_restarts_total,beyla,kube-state-metrics.nimbusguard.svc:8080,prometheus.scrape.kube_state_metrics,nimbusguard,beyla-h42cg,47a2a73f-e6f6-46e1-94ec-2dc7ae800fb4
2025-07-12 06:11:28,0,kube_pod_container_status_restarts_total,beyla,kube-state-metrics.nimbusguard.svc:8080,prometheus.scrape.kube_state_metrics,nimbusguard,beyla-h42cg,47a2a73f-e6f6-46e1-94ec-2dc7ae800fb4
2025-07-12 06:12:28,0,kube_pod_container_status_restarts_total,beyla,kube-state-metrics.nimbusguard.svc:8080,prometheus.scrape.kube_state_metrics,nimbusguard,beyla-h42cg,47a2a73f-e6f6-46e1-94ec-2dc7ae800fb4
2025-07-12 06:13:28,0,kube_pod_container_status_restarts_total,beyla,kube-state-metrics.nimbusguard.svc:8080,prometheus.scrape.kube_state_metrics,nimbusguard,beyla-h42cg,47a2a73f-e6f6-46e1-94ec-2dc7ae800fb4
2025-07-12 05:30:28,0,kube_pod_container_status_restarts_total,beyla,kube-state-metrics.nimbusguard.svc:8080,prometheus.scrape.kube_state_metrics,nimbusguard,beyla-n4s2z,7bbb7d78-48b5-4767-a5b9-b49d2be67079
2025-07-12 05:31:28,0,kube_pod_container_status_restarts_total,beyla,kube-state-metrics.nimbusguard.svc:8080,prometheus.scrape.kube_state_metrics,nimbusguard,beyla-n4s2z,7bbb7d78-48b5-4767-a5b9-b49d2be67079
2025-07-12 05:32:28,0,kube_pod_container_status_restarts_total,beyla,kube-state-metrics.nimbusguard.svc:8080,prometheus.scrape.kube_state_metrics,nimbusguard,beyla-n4s2z,7bbb7d78-48b5-4767-a5b9-b49d2be67079
2025-07-12 05:33:28,0,kube_pod_container_status_restarts_total,beyla,kube-state-metrics.nimbusguard.svc:8080,prometheus.scrape.kube_state_metrics,nimbusguard,beyla-n4s2z,7bbb7d78-48b5-4767-a5b9-b49d2be67079
2025-07-12 05:34:28,0,kube_pod_container_status_restarts_total,beyla,kube-state-metrics.nimbusguard.svc:8080,prometheus.scrape.kube_state_metrics,nimbusguard,beyla-n4s2z,7bbb7d78-48b5-4767-a5b9-b49d2be67079
2025-07-12 05:35:28,0,kube_pod_container_status_restarts_total,beyla,kube-state-metrics.nimbusguard.svc:8080,prometheus.scrape.kube_state_metrics,nimbusguard,beyla-n4s2z,7bbb7d78-48b5-4767-a5b9-b49d2be67079
2025-07-12 05:36:28,0,kube_pod_container_status_restarts_total,beyla,kube-state-metrics.nimbusguard.svc:8080,prometheus.scrape.kube_state_metrics,nimbusguard,beyla-n4s2z,7bbb7d78-48b5-4767-a5b9-b49d2be67079
2025-07-12 05:37:28,0,kube_pod_container_status_restarts_total,beyla,kube-state-metrics.nimbusguard.svc:8080,prometheus.scrape.kube_state_metrics,nimbusguard,beyla-n4s2z,7bbb7d78-48b5-4767-a5b9-b49d2be67079
2025-07-12 05:38:28,0,kube_pod_container_status_restarts_total,beyla,kube-state-metrics.nimbusguard.svc:8080,prometheus.scrape.kube_state_metrics,nimbusguard,beyla-n4s2z,7bbb7d78-48b5-4767-a5b9-b49d2be67079
2025-07-12 05:39:28,0,kube_pod_container_status_restarts_total,beyla,kube-state-metrics.nimbusguard.svc:8080,prometheus.scrape.kube_state_metrics,nimbusguard,beyla-n4s2z,7bbb7d78-48b5-4767-a5b9-b49d2be67079
2025-07-12 05:40:28,0,kube_pod_container_status_restarts_total,beyla,kube-state-metrics.nimbusguard.svc:8080,prometheus.scrape.kube_state_metrics,nimbusguard,beyla-n4s2z,7bbb7d78-48b5-4767-a5b9-b49d2be67079
2025-07-12 05:41:28,0,kube_pod_container_status_restarts_total,beyla,kube-state-metrics.nimbusguard.svc:8080,prometheus.scrape.kube_state_metrics,nimbusguard,beyla-n4s2z,7bbb7d78-48b5-4767-a5b9-b49d2be67079
2025-07-12 05:42:28,0,kube_pod_container_status_restarts_total,beyla,kube-state-metrics.nimbusguard.svc:8080,prometheus.scrape.kube_state_metrics,nimbusguard,beyla-n4s2z,7bbb7d78-48b5-4767-a5b9-b49d2be67079
2025-07-12 05:43:28,0,kube_pod_container_status_restarts_total,beyla,kube-state-metrics.nimbusguard.svc:8080,prometheus.scrape.kube_state_metrics,nimbusguard,beyla-n4s2z,7bbb7d78-48b5-4767-a5b9-b49d2be67079
2025-07-12 05:44:28,0,kube_pod_container_status_restarts_total,beyla,kube-state-metrics.nimbusguard.svc:8080,prometheus.scrape.kube_state_metrics,nimbusguard,beyla-n4s2z,7bbb7d78-48b5-4767-a5b9-b49d2be67079
2025-07-12 05:45:28,0,kube_pod_container_status_restarts_total,beyla,kube-state-metrics.nimbusguard.svc:8080,prometheus.scrape.kube_state_metrics,nimbusguard,beyla-n4s2z,7bbb7d78-48b5-4767-a5b9-b49d2be67079
2025-07-12 05:46:28,0,kube_pod_container_status_restarts_total,beyla,kube-state-metrics.nimbusguard.svc:8080,prometheus.scrape.kube_state_metrics,nimbusguard,beyla-n4s2z,7bbb7d78-48b5-4767-a5b9-b49d2be67079
2025-07-12 05:47:28,0,kube_pod_container_status_restarts_total,beyla,kube-state-metrics.nimbusguard.svc:8080,prometheus.scrape.kube_state_metrics,nimbusguard,beyla-n4s2z,7bbb7d78-48b5-4767-a5b9-b49d2be67079
2025-07-12 05:48:28,0,kube_pod_container_status_restarts_total,beyla,kube-state-metrics.nimbusguard.svc:8080,prometheus.scrape.kube_state_metrics,nimbusguard,beyla-n4s2z,7bbb7d78-48b5-4767-a5b9-b49d2be67079
2025-07-12 05:49:28,0,kube_pod_container_status_restarts_total,beyla,kube-state-metrics.nimbusguard.svc:8080,prometheus.scrape.kube_state_metrics,nimbusguard,beyla-n4s2z,7bbb7d78-48b5-4767-a5b9-b49d2be67079
2025-07-12 05:50:28,0,kube_pod_container_status_restarts_total,beyla,kube-state-metrics.nimbusguard.svc:8080,prometheus.scrape.kube_state_metrics,nimbusguard,beyla-n4s2z,7bbb7d78-48b5-4767-a5b9-b49d2be67079
2025-07-12 05:51:28,0,kube_pod_container_status_restarts_total,beyla,kube-state-metrics.nimbusguard.svc:8080,prometheus.scrape.kube_state_metrics,nimbusguard,beyla-n4s2z,7bbb7d78-48b5-4767-a5b9-b49d2be67079
2025-07-12 05:52:28,0,kube_pod_container_status_restarts_total,beyla,kube-state-metrics.nimbusguard.svc:8080,prometheus.scrape.kube_state_metrics,nimbusguard,beyla-n4s2z,7bbb7d78-48b5-4767-a5b9-b49d2be67079
2025-07-12 05:53:28,0,kube_pod_container_status_restarts_total,beyla,kube-state-metrics.nimbusguard.svc:8080,prometheus.scrape.kube_state_metrics,nimbusguard,beyla-n4s2z,7bbb7d78-48b5-4767-a5b9-b49d2be67079
2025-07-12 05:54:28,0,kube_pod_container_status_restarts_total,beyla,kube-state-metrics.nimbusguard.svc:8080,prometheus.scrape.kube_state_metrics,nimbusguard,beyla-n4s2z,7bbb7d78-48b5-4767-a5b9-b49d2be67079
2025-07-12 05:55:28,0,kube_pod_container_status_restarts_total,beyla,kube-state-metrics.nimbusguard.svc:8080,prometheus.scrape.kube_state_metrics,nimbusguard,beyla-n4s2z,7bbb7d78-48b5-4767-a5b9-b49d2be67079
2025-07-12 05:56:28,0,kube_pod_container_status_restarts_total,beyla,kube-state-metrics.nimbusguard.svc:8080,prometheus.scrape.kube_state_metrics,nimbusguard,beyla-n4s2z,7bbb7d78-48b5-4767-a5b9-b49d2be67079
2025-07-12 05:57:28,0,kube_pod_container_status_restarts_total,beyla,kube-state-metrics.nimbusguard.svc:8080,prometheus.scrape.kube_state_metrics,nimbusguard,beyla-n4s2z,7bbb7d78-48b5-4767-a5b9-b49d2be67079
2025-07-12 05:58:28,0,kube_pod_container_status_restarts_total,beyla,kube-state-metrics.nimbusguard.svc:8080,prometheus.scrape.kube_state_metrics,nimbusguard,beyla-n4s2z,7bbb7d78-48b5-4767-a5b9-b49d2be67079
2025-07-12 05:59:28,0,kube_pod_container_status_restarts_total,beyla,kube-state-metrics.nimbusguard.svc:8080,prometheus.scrape.kube_state_metrics,nimbusguard,beyla-n4s2z,7bbb7d78-48b5-4767-a5b9-b49d2be67079
2025-07-12 06:00:28,0,kube_pod_container_status_restarts_total,beyla,kube-state-metrics.nimbusguard.svc:8080,prometheus.scrape.kube_state_metrics,nimbusguard,beyla-n4s2z,7bbb7d78-48b5-4767-a5b9-b49d2be67079
2025-07-12 06:01:28,0,kube_pod_container_status_restarts_total,beyla,kube-state-metrics.nimbusguard.svc:8080,prometheus.scrape.kube_state_metrics,nimbusguard,beyla-n4s2z,7bbb7d78-48b5-4767-a5b9-b49d2be67079
2025-07-12 06:02:28,0,kube_pod_container_status_restarts_total,beyla,kube-state-metrics.nimbusguard.svc:8080,prometheus.scrape.kube_state_metrics,nimbusguard,beyla-n4s2z,7bbb7d78-48b5-4767-a5b9-b49d2be67079
2025-07-12 06:03:28,0,kube_pod_container_status_restarts_total,beyla,kube-state-metrics.nimbusguard.svc:8080,prometheus.scrape.kube_state_metrics,nimbusguard,beyla-n4s2z,7bbb7d78-48b5-4767-a5b9-b49d2be67079
2025-07-12 06:04:28,0,kube_pod_container_status_restarts_total,beyla,kube-state-metrics.nimbusguard.svc:8080,prometheus.scrape.kube_state_metrics,nimbusguard,beyla-n4s2z,7bbb7d78-48b5-4767-a5b9-b49d2be67079
2025-07-12 06:05:28,0,kube_pod_container_status_restarts_total,beyla,kube-state-metrics.nimbusguard.svc:8080,prometheus.scrape.kube_state_metrics,nimbusguard,beyla-n4s2z,7bbb7d78-48b5-4767-a5b9-b49d2be67079
2025-07-12 06:06:28,0,kube_pod_container_status_restarts_total,beyla,kube-state-metrics.nimbusguard.svc:8080,prometheus.scrape.kube_state_metrics,nimbusguard,beyla-n4s2z,7bbb7d78-48b5-4767-a5b9-b49d2be67079
2025-07-12 06:07:28,0,kube_pod_container_status_restarts_total,beyla,kube-state-metrics.nimbusguard.svc:8080,prometheus.scrape.kube_state_metrics,nimbusguard,beyla-n4s2z,7bbb7d78-48b5-4767-a5b9-b49d2be67079
2025-07-12 06:08:28,0,kube_pod_container_status_restarts_total,beyla,kube-state-metrics.nimbusguard.svc:8080,prometheus.scrape.kube_state_metrics,nimbusguard,beyla-n4s2z,7bbb7d78-48b5-4767-a5b9-b49d2be67079
2025-07-12 06:09:28,0,kube_pod_container_status_restarts_total,beyla,kube-state-metrics.nimbusguard.svc:8080,prometheus.scrape.kube_state_metrics,nimbusguard,beyla-n4s2z,7bbb7d78-48b5-4767-a5b9-b49d2be67079
2025-07-12 06:10:28,0,kube_pod_container_status_restarts_total,beyla,kube-state-metrics.nimbusguard.svc:8080,prometheus.scrape.kube_state_metrics,nimbusguard,beyla-n4s2z,7bbb7d78-48b5-4767-a5b9-b49d2be67079
2025-07-12 06:11:28,0,kube_pod_container_status_restarts_total,beyla,kube-state-metrics.nimbusguard.svc:8080,prometheus.scrape.kube_state_metrics,nimbusguard,beyla-n4s2z,7bbb7d78-48b5-4767-a5b9-b49d2be67079
2025-07-12 06:12:28,0,kube_pod_container_status_restarts_total,beyla,kube-state-metrics.nimbusguard.svc:8080,prometheus.scrape.kube_state_metrics,nimbusguard,beyla-n4s2z,7bbb7d78-48b5-4767-a5b9-b49d2be67079
2025-07-12 06:13:28,0,kube_pod_container_status_restarts_total,beyla,kube-state-metrics.nimbusguard.svc:8080,prometheus.scrape.kube_state_metrics,nimbusguard,beyla-n4s2z,7bbb7d78-48b5-4767-a5b9-b49d2be67079
2025-07-12 05:34:28,0,kube_pod_container_status_restarts_total,consumer,10.244.1.4:8080,prometheus.scrape.annotated_pods,nimbusguard,consumer-789d764dc7-26csl,50761b29-f974-4b27-acbf-49cf9d851b17
2025-07-12 05:35:28,0,kube_pod_container_status_restarts_total,consumer,10.244.1.4:8080,prometheus.scrape.annotated_pods,nimbusguard,consumer-789d764dc7-26csl,50761b29-f974-4b27-acbf-49cf9d851b17
2025-07-12 05:36:28,0,kube_pod_container_status_restarts_total,consumer,10.244.1.4:8080,prometheus.scrape.annotated_pods,nimbusguard,consumer-789d764dc7-26csl,50761b29-f974-4b27-acbf-49cf9d851b17
2025-07-12 05:37:28,0,kube_pod_container_status_restarts_total,consumer,10.244.1.4:8080,prometheus.scrape.annotated_pods,nimbusguard,consumer-789d764dc7-26csl,50761b29-f974-4b27-acbf-49cf9d851b17
2025-07-12 05:38:28,0,kube_pod_container_status_restarts_total,consumer,10.244.1.4:8080,prometheus.scrape.annotated_pods,nimbusguard,consumer-789d764dc7-26csl,50761b29-f974-4b27-acbf-49cf9d851b17
2025-07-12 05:39:28,0,kube_pod_container_status_restarts_total,consumer,10.244.1.4:8080,prometheus.scrape.annotated_pods,nimbusguard,consumer-789d764dc7-26csl,50761b29-f974-4b27-acbf-49cf9d851b17
2025-07-12 05:40:28,0,kube_pod_container_status_restarts_total,consumer,10.244.1.4:8080,prometheus.scrape.annotated_pods,nimbusguard,consumer-789d764dc7-26csl,50761b29-f974-4b27-acbf-49cf9d851b17
2025-07-12 05:41:28,0,kube_pod_container_status_restarts_total,consumer,10.244.1.4:8080,prometheus.scrape.annotated_pods,nimbusguard,consumer-789d764dc7-26csl,50761b29-f974-4b27-acbf-49cf9d851b17
2025-07-12 06:04:28,0,kube_pod_container_status_restarts_total,consumer,10.244.1.4:8080,prometheus.scrape.annotated_pods,nimbusguard,consumer-789d764dc7-4hq5l,3d0aa7ba-f66a-4d63-9bca-82cd2582832e
2025-07-12 05:57:28,0,kube_pod_container_status_restarts_total,consumer,10.244.1.4:8080,prometheus.scrape.annotated_pods,nimbusguard,consumer-789d764dc7-4mdm2,75f27b24-f0a3-46f1-b7d2-fd6e6fc635a0
2025-07-12 05:58:28,0,kube_pod_container_status_restarts_total,consumer,10.244.1.4:8080,prometheus.scrape.annotated_pods,nimbusguard,consumer-789d764dc7-4mdm2,75f27b24-f0a3-46f1-b7d2-fd6e6fc635a0
2025-07-12 05:59:28,0,kube_pod_container_status_restarts_total,consumer,10.244.1.4:8080,prometheus.scrape.annotated_pods,nimbusguard,consumer-789d764dc7-4mdm2,75f27b24-f0a3-46f1-b7d2-fd6e6fc635a0
2025-07-12 05:58:28,0,kube_pod_container_status_restarts_total,consumer,10.244.1.4:8080,prometheus.scrape.annotated_pods,nimbusguard,consumer-789d764dc7-587ll,8f48ec16-7e05-4715-8167-a8867bc0889b
2025-07-12 05:59:28,0,kube_pod_container_status_restarts_total,consumer,10.244.1.4:8080,prometheus.scrape.annotated_pods,nimbusguard,consumer-789d764dc7-587ll,8f48ec16-7e05-4715-8167-a8867bc0889b
2025-07-12 05:57:28,0,kube_pod_container_status_restarts_total,consumer,10.244.1.4:8080,prometheus.scrape.annotated_pods,nimbusguard,consumer-789d764dc7-7ksxz,ac50e40a-65c5-47e7-b92d-f71c8bb132f6
2025-07-12 05:58:28,0,kube_pod_container_status_restarts_total,consumer,10.244.1.4:8080,prometheus.scrape.annotated_pods,nimbusguard,consumer-789d764dc7-7ksxz,ac50e40a-65c5-47e7-b92d-f71c8bb132f6
2025-07-12 05:59:28,0,kube_pod_container_status_restarts_total,consumer,10.244.1.4:8080,prometheus.scrape.annotated_pods,nimbusguard,consumer-789d764dc7-7ksxz,ac50e40a-65c5-47e7-b92d-f71c8bb132f6
2025-07-12 05:51:28,0,kube_pod_container_status_restarts_total,consumer,10.244.1.4:8080,prometheus.scrape.annotated_pods,nimbusguard,consumer-789d764dc7-7n5sz,8a1d1706-b63f-4d7d-a357-c7c1615f60bb
2025-07-12 05:52:28,0,kube_pod_container_status_restarts_total,consumer,10.244.1.4:8080,prometheus.scrape.annotated_pods,nimbusguard,consumer-789d764dc7-7n5sz,8a1d1706-b63f-4d7d-a357-c7c1615f60bb
2025-07-12 05:53:28,0,kube_pod_container_status_restarts_total,consumer,10.244.1.4:8080,prometheus.scrape.annotated_pods,nimbusguard,consumer-789d764dc7-7n5sz,8a1d1706-b63f-4d7d-a357-c7c1615f60bb
2025-07-12 05:54:28,0,kube_pod_container_status_restarts_total,consumer,10.244.1.4:8080,prometheus.scrape.annotated_pods,nimbusguard,consumer-789d764dc7-7n5sz,8a1d1706-b63f-4d7d-a357-c7c1615f60bb
2025-07-12 05:55:28,0,kube_pod_container_status_restarts_total,consumer,10.244.1.4:8080,prometheus.scrape.annotated_pods,nimbusguard,consumer-789d764dc7-7n5sz,8a1d1706-b63f-4d7d-a357-c7c1615f60bb
2025-07-12 05:56:28,0,kube_pod_container_status_restarts_total,consumer,10.244.1.4:8080,prometheus.scrape.annotated_pods,nimbusguard,consumer-789d764dc7-7n5sz,8a1d1706-b63f-4d7d-a357-c7c1615f60bb
2025-07-12 05:34:28,0,kube_pod_container_status_restarts_total,consumer,10.244.1.4:8080,prometheus.scrape.annotated_pods,nimbusguard,consumer-789d764dc7-8kd6r,e792044b-ddb7-4485-bf12-39f062f44752
2025-07-12 05:35:28,0,kube_pod_container_status_restarts_total,consumer,10.244.1.4:8080,prometheus.scrape.annotated_pods,nimbusguard,consumer-789d764dc7-8kd6r,e792044b-ddb7-4485-bf12-39f062f44752
2025-07-12 05:36:28,0,kube_pod_container_status_restarts_total,consumer,10.244.1.4:8080,prometheus.scrape.annotated_pods,nimbusguard,consumer-789d764dc7-8kd6r,e792044b-ddb7-4485-bf12-39f062f44752
2025-07-12 05:37:28,0,kube_pod_container_status_restarts_total,consumer,10.244.1.4:8080,prometheus.scrape.annotated_pods,nimbusguard,consumer-789d764dc7-8kd6r,e792044b-ddb7-4485-bf12-39f062f44752
2025-07-12 05:38:28,0,kube_pod_container_status_restarts_total,consumer,10.244.1.4:8080,prometheus.scrape.annotated_pods,nimbusguard,consumer-789d764dc7-8kd6r,e792044b-ddb7-4485-bf12-39f062f44752
2025-07-12 05:39:28,0,kube_pod_container_status_restarts_total,consumer,10.244.1.4:8080,prometheus.scrape.annotated_pods,nimbusguard,consumer-789d764dc7-8kd6r,e792044b-ddb7-4485-bf12-39f062f44752
2025-07-12 05:40:28,0,kube_pod_container_status_restarts_total,consumer,10.244.1.4:8080,prometheus.scrape.annotated_pods,nimbusguard,consumer-789d764dc7-8kd6r,e792044b-ddb7-4485-bf12-39f062f44752
2025-07-12 05:41:28,0,kube_pod_container_status_restarts_total,consumer,10.244.1.4:8080,prometheus.scrape.annotated_pods,nimbusguard,consumer-789d764dc7-8kd6r,e792044b-ddb7-4485-bf12-39f062f44752
2025-07-12 05:42:28,0,kube_pod_container_status_restarts_total,consumer,10.244.1.4:8080,prometheus.scrape.annotated_pods,nimbusguard,consumer-789d764dc7-8kd6r,e792044b-ddb7-4485-bf12-39f062f44752
2025-07-12 05:33:28,0,kube_pod_container_status_restarts_total,consumer,10.244.1.4:8080,prometheus.scrape.annotated_pods,nimbusguard,consumer-789d764dc7-94l54,8a1f21b4-cc56-4d94-98de-b1feff5c4b88
2025-07-12 05:34:28,0,kube_pod_container_status_restarts_total,consumer,10.244.1.4:8080,prometheus.scrape.annotated_pods,nimbusguard,consumer-789d764dc7-94l54,8a1f21b4-cc56-4d94-98de-b1feff5c4b88
2025-07-12 05:35:28,0,kube_pod_container_status_restarts_total,consumer,10.244.1.4:8080,prometheus.scrape.annotated_pods,nimbusguard,consumer-789d764dc7-94l54,8a1f21b4-cc56-4d94-98de-b1feff5c4b88
2025-07-12 05:36:28,0,kube_pod_container_status_restarts_total,consumer,10.244.1.4:8080,prometheus.scrape.annotated_pods,nimbusguard,consumer-789d764dc7-94l54,8a1f21b4-cc56-4d94-98de-b1feff5c4b88
2025-07-12 05:37:28,0,kube_pod_container_status_restarts_total,consumer,10.244.1.4:8080,prometheus.scrape.annotated_pods,nimbusguard,consumer-789d764dc7-94l54,8a1f21b4-cc56-4d94-98de-b1feff5c4b88
2025-07-12 05:38:28,0,kube_pod_container_status_restarts_total,consumer,10.244.1.4:8080,prometheus.scrape.annotated_pods,nimbusguard,consumer-789d764dc7-94l54,8a1f21b4-cc56-4d94-98de-b1feff5c4b88
2025-07-12 05:39:28,0,kube_pod_container_status_restarts_total,consumer,10.244.1.4:8080,prometheus.scrape.annotated_pods,nimbusguard,consumer-789d764dc7-94l54,8a1f21b4-cc56-4d94-98de-b1feff5c4b88
2025-07-12 05:40:28,0,kube_pod_container_status_restarts_total,consumer,10.244.1.4:8080,prometheus.scrape.annotated_pods,nimbusguard,consumer-789d764dc7-94l54,8a1f21b4-cc56-4d94-98de-b1feff5c4b88
2025-07-12 05:41:28,0,kube_pod_container_status_restarts_total,consumer,10.244.1.4:8080,prometheus.scrape.annotated_pods,nimbusguard,consumer-789d764dc7-94l54,8a1f21b4-cc56-4d94-98de-b1feff5c4b88
2025-07-12 05:42:28,0,kube_pod_container_status_restarts_total,consumer,10.244.1.4:8080,prometheus.scrape.annotated_pods,nimbusguard,consumer-789d764dc7-94l54,8a1f21b4-cc56-4d94-98de-b1feff5c4b88
2025-07-12 05:43:28,0,kube_pod_container_status_restarts_total,consumer,10.244.1.4:8080,prometheus.scrape.annotated_pods,nimbusguard,consumer-789d764dc7-94l54,8a1f21b4-cc56-4d94-98de-b1feff5c4b88
2025-07-12 05:44:28,0,kube_pod_container_status_restarts_total,consumer,10.244.1.4:8080,prometheus.scrape.annotated_pods,nimbusguard,consumer-789d764dc7-94l54,8a1f21b4-cc56-4d94-98de-b1feff5c4b88
2025-07-12 05:45:28,0,kube_pod_container_status_restarts_total,consumer,10.244.1.4:8080,prometheus.scrape.annotated_pods,nimbusguard,consumer-789d764dc7-94l54,8a1f21b4-cc56-4d94-98de-b1feff5c4b88
2025-07-12 05:49:28,0,kube_pod_container_status_restarts_total,consumer,10.244.1.4:8080,prometheus.scrape.annotated_pods,nimbusguard,consumer-789d764dc7-957gw,2a7dd7b5-7e62-4c6a-ac30-31fcf59365b3
2025-07-12 05:50:28,0,kube_pod_container_status_restarts_total,consumer,10.244.1.4:8080,prometheus.scrape.annotated_pods,nimbusguard,consumer-789d764dc7-957gw,2a7dd7b5-7e62-4c6a-ac30-31fcf59365b3
2025-07-12 05:51:28,0,kube_pod_container_status_restarts_total,consumer,10.244.1.4:8080,prometheus.scrape.annotated_pods,nimbusguard,consumer-789d764dc7-957gw,2a7dd7b5-7e62-4c6a-ac30-31fcf59365b3
2025-07-12 05:52:28,0,kube_pod_container_status_restarts_total,consumer,10.244.1.4:8080,prometheus.scrape.annotated_pods,nimbusguard,consumer-789d764dc7-957gw,2a7dd7b5-7e62-4c6a-ac30-31fcf59365b3
2025-07-12 05:53:28,0,kube_pod_container_status_restarts_total,consumer,10.244.1.4:8080,prometheus.scrape.annotated_pods,nimbusguard,consumer-789d764dc7-957gw,2a7dd7b5-7e62-4c6a-ac30-31fcf59365b3
2025-07-12 05:54:28,0,kube_pod_container_status_restarts_total,consumer,10.244.1.4:8080,prometheus.scrape.annotated_pods,nimbusguard,consumer-789d764dc7-957gw,2a7dd7b5-7e62-4c6a-ac30-31fcf59365b3
2025-07-12 05:55:28,0,kube_pod_container_status_restarts_total,consumer,10.244.1.4:8080,prometheus.scrape.annotated_pods,nimbusguard,consumer-789d764dc7-957gw,2a7dd7b5-7e62-4c6a-ac30-31fcf59365b3
2025-07-12 06:05:28,0,kube_pod_container_status_restarts_total,consumer,10.244.1.4:8080,prometheus.scrape.annotated_pods,nimbusguard,consumer-789d764dc7-b8hsj,be277ebd-ed5a-493f-ae4f-13ae9d2b038a
2025-07-12 05:33:28,0,kube_pod_container_status_restarts_total,consumer,10.244.1.4:8080,prometheus.scrape.annotated_pods,nimbusguard,consumer-789d764dc7-cqjp9,6c791129-86df-421d-a2b7-60bbc4487d11
2025-07-12 05:34:28,0,kube_pod_container_status_restarts_total,consumer,10.244.1.4:8080,prometheus.scrape.annotated_pods,nimbusguard,consumer-789d764dc7-cqjp9,6c791129-86df-421d-a2b7-60bbc4487d11
2025-07-12 05:35:28,0,kube_pod_container_status_restarts_total,consumer,10.244.1.4:8080,prometheus.scrape.annotated_pods,nimbusguard,consumer-789d764dc7-cqjp9,6c791129-86df-421d-a2b7-60bbc4487d11
2025-07-12 05:36:28,0,kube_pod_container_status_restarts_total,consumer,10.244.1.4:8080,prometheus.scrape.annotated_pods,nimbusguard,consumer-789d764dc7-cqjp9,6c791129-86df-421d-a2b7-60bbc4487d11
2025-07-12 05:37:28,0,kube_pod_container_status_restarts_total,consumer,10.244.1.4:8080,prometheus.scrape.annotated_pods,nimbusguard,consumer-789d764dc7-cqjp9,6c791129-86df-421d-a2b7-60bbc4487d11
2025-07-12 05:38:28,0,kube_pod_container_status_restarts_total,consumer,10.244.1.4:8080,prometheus.scrape.annotated_pods,nimbusguard,consumer-789d764dc7-cqjp9,6c791129-86df-421d-a2b7-60bbc4487d11
2025-07-12 05:39:28,0,kube_pod_container_status_restarts_total,consumer,10.244.1.4:8080,prometheus.scrape.annotated_pods,nimbusguard,consumer-789d764dc7-cqjp9,6c791129-86df-421d-a2b7-60bbc4487d11
2025-07-12 05:40:28,0,kube_pod_container_status_restarts_total,consumer,10.244.1.4:8080,prometheus.scrape.annotated_pods,nimbusguard,consumer-789d764dc7-cqjp9,6c791129-86df-421d-a2b7-60bbc4487d11
2025-07-12 05:41:28,0,kube_pod_container_status_restarts_total,consumer,10.244.1.4:8080,prometheus.scrape.annotated_pods,nimbusguard,consumer-789d764dc7-cqjp9,6c791129-86df-421d-a2b7-60bbc4487d11
2025-07-12 05:42:28,0,kube_pod_container_status_restarts_total,consumer,10.244.1.4:8080,prometheus.scrape.annotated_pods,nimbusguard,consumer-789d764dc7-cqjp9,6c791129-86df-421d-a2b7-60bbc4487d11
2025-07-12 05:43:28,0,kube_pod_container_status_restarts_total,consumer,10.244.1.4:8080,prometheus.scrape.annotated_pods,nimbusguard,consumer-789d764dc7-cqjp9,6c791129-86df-421d-a2b7-60bbc4487d11
2025-07-12 05:44:28,0,kube_pod_container_status_restarts_total,consumer,10.244.1.4:8080,prometheus.scrape.annotated_pods,nimbusguard,consumer-789d764dc7-cqjp9,6c791129-86df-421d-a2b7-60bbc4487d11
2025-07-12 05:45:28,1,kube_pod_container_status_restarts_total,consumer,10.244.1.4:8080,prometheus.scrape.annotated_pods,nimbusguard,consumer-789d764dc7-cqjp9,6c791129-86df-421d-a2b7-60bbc4487d11
2025-07-12 05:46:28,1,kube_pod_container_status_restarts_total,consumer,10.244.1.4:8080,prometheus.scrape.annotated_pods,nimbusguard,consumer-789d764dc7-cqjp9,6c791129-86df-421d-a2b7-60bbc4487d11
2025-07-12 05:47:28,1,kube_pod_container_status_restarts_total,consumer,10.244.1.4:8080,prometheus.scrape.annotated_pods,nimbusguard,consumer-789d764dc7-cqjp9,6c791129-86df-421d-a2b7-60bbc4487d11
2025-07-12 05:48:28,1,kube_pod_container_status_restarts_total,consumer,10.244.1.4:8080,prometheus.scrape.annotated_pods,nimbusguard,consumer-789d764dc7-cqjp9,6c791129-86df-421d-a2b7-60bbc4487d11
2025-07-12 05:57:28,0,kube_pod_container_status_restarts_total,consumer,10.244.1.4:8080,prometheus.scrape.annotated_pods,nimbusguard,consumer-789d764dc7-dd8fp,bb6bdaa7-32e5-45a3-94c4-62d7109a8b6a
2025-07-12 05:58:28,0,kube_pod_container_status_restarts_total,consumer,10.244.1.4:8080,prometheus.scrape.annotated_pods,nimbusguard,consumer-789d764dc7-dd8fp,bb6bdaa7-32e5-45a3-94c4-62d7109a8b6a
2025-07-12 05:59:28,0,kube_pod_container_status_restarts_total,consumer,10.244.1.4:8080,prometheus.scrape.annotated_pods,nimbusguard,consumer-789d764dc7-dd8fp,bb6bdaa7-32e5-45a3-94c4-62d7109a8b6a
2025-07-12 06:00:28,0,kube_pod_container_status_restarts_total,consumer,10.244.1.4:8080,prometheus.scrape.annotated_pods,nimbusguard,consumer-789d764dc7-dd8fp,bb6bdaa7-32e5-45a3-94c4-62d7109a8b6a
2025-07-12 06:01:28,0,kube_pod_container_status_restarts_total,consumer,10.244.1.4:8080,prometheus.scrape.annotated_pods,nimbusguard,consumer-789d764dc7-dd8fp,bb6bdaa7-32e5-45a3-94c4-62d7109a8b6a
2025-07-12 05:44:28,0,kube_pod_container_status_restarts_total,consumer,10.244.1.4:8080,prometheus.scrape.annotated_pods,nimbusguard,consumer-789d764dc7-fcjvr,4cc48bcc-9f20-4589-b7b2-e0f38b9c6837
2025-07-12 05:45:28,0,kube_pod_container_status_restarts_total,consumer,10.244.1.4:8080,prometheus.scrape.annotated_pods,nimbusguard,consumer-789d764dc7-fcjvr,4cc48bcc-9f20-4589-b7b2-e0f38b9c6837
2025-07-12 05:46:28,0,kube_pod_container_status_restarts_total,consumer,10.244.1.4:8080,prometheus.scrape.annotated_pods,nimbusguard,consumer-789d764dc7-fcjvr,4cc48bcc-9f20-4589-b7b2-e0f38b9c6837
2025-07-12 05:47:28,0,kube_pod_container_status_restarts_total,consumer,10.244.1.4:8080,prometheus.scrape.annotated_pods,nimbusguard,consumer-789d764dc7-fcjvr,4cc48bcc-9f20-4589-b7b2-e0f38b9c6837
2025-07-12 05:29:28,0,kube_pod_container_status_restarts_total,consumer,10.244.1.4:8080,prometheus.scrape.annotated_pods,nimbusguard,consumer-789d764dc7-gqx9c,aaca8505-14c2-42e6-b996-6461d36bf484
2025-07-12 05:30:28,0,kube_pod_container_status_restarts_total,consumer,10.244.1.4:8080,prometheus.scrape.annotated_pods,nimbusguard,consumer-789d764dc7-gqx9c,aaca8505-14c2-42e6-b996-6461d36bf484
2025-07-12 05:31:28,0,kube_pod_container_status_restarts_total,consumer,10.244.1.4:8080,prometheus.scrape.annotated_pods,nimbusguard,consumer-789d764dc7-gqx9c,aaca8505-14c2-42e6-b996-6461d36bf484
2025-07-12 05:32:28,0,kube_pod_container_status_restarts_total,consumer,10.244.1.4:8080,prometheus.scrape.annotated_pods,nimbusguard,consumer-789d764dc7-gqx9c,aaca8505-14c2-42e6-b996-6461d36bf484
2025-07-12 05:33:28,0,kube_pod_container_status_restarts_total,consumer,10.244.1.4:8080,prometheus.scrape.annotated_pods,nimbusguard,consumer-789d764dc7-gqx9c,aaca8505-14c2-42e6-b996-6461d36bf484
2025-07-12 05:34:28,0,kube_pod_container_status_restarts_total,consumer,10.244.1.4:8080,prometheus.scrape.annotated_pods,nimbusguard,consumer-789d764dc7-gqx9c,aaca8505-14c2-42e6-b996-6461d36bf484
2025-07-12 05:35:28,0,kube_pod_container_status_restarts_total,consumer,10.244.1.4:8080,prometheus.scrape.annotated_pods,nimbusguard,consumer-789d764dc7-gqx9c,aaca8505-14c2-42e6-b996-6461d36bf484
2025-07-12 05:36:28,0,kube_pod_container_status_restarts_total,consumer,10.244.1.4:8080,prometheus.scrape.annotated_pods,nimbusguard,consumer-789d764dc7-gqx9c,aaca8505-14c2-42e6-b996-6461d36bf484
2025-07-12 05:37:28,0,kube_pod_container_status_restarts_total,consumer,10.244.1.4:8080,prometheus.scrape.annotated_pods,nimbusguard,consumer-789d764dc7-gqx9c,aaca8505-14c2-42e6-b996-6461d36bf484
2025-07-12 05:38:28,0,kube_pod_container_status_restarts_total,consumer,10.244.1.4:8080,prometheus.scrape.annotated_pods,nimbusguard,consumer-789d764dc7-gqx9c,aaca8505-14c2-42e6-b996-6461d36bf484
2025-07-12 05:39:28,0,kube_pod_container_status_restarts_total,consumer,10.244.1.4:8080,prometheus.scrape.annotated_pods,nimbusguard,consumer-789d764dc7-gqx9c,aaca8505-14c2-42e6-b996-6461d36bf484
2025-07-12 05:40:28,0,kube_pod_container_status_restarts_total,consumer,10.244.1.4:8080,prometheus.scrape.annotated_pods,nimbusguard,consumer-789d764dc7-gqx9c,aaca8505-14c2-42e6-b996-6461d36bf484
2025-07-12 05:41:28,0,kube_pod_container_status_restarts_total,consumer,10.244.1.4:8080,prometheus.scrape.annotated_pods,nimbusguard,consumer-789d764dc7-gqx9c,aaca8505-14c2-42e6-b996-6461d36bf484
2025-07-12 05:42:28,0,kube_pod_container_status_restarts_total,consumer,10.244.1.4:8080,prometheus.scrape.annotated_pods,nimbusguard,consumer-789d764dc7-gqx9c,aaca8505-14c2-42e6-b996-6461d36bf484
2025-07-12 05:43:28,0,kube_pod_container_status_restarts_total,consumer,10.244.1.4:8080,prometheus.scrape.annotated_pods,nimbusguard,consumer-789d764dc7-gqx9c,aaca8505-14c2-42e6-b996-6461d36bf484
2025-07-12 05:44:28,0,kube_pod_container_status_restarts_total,consumer,10.244.1.4:8080,prometheus.scrape.annotated_pods,nimbusguard,consumer-789d764dc7-gqx9c,aaca8505-14c2-42e6-b996-6461d36bf484
2025-07-12 05:45:28,0,kube_pod_container_status_restarts_total,consumer,10.244.1.4:8080,prometheus.scrape.annotated_pods,nimbusguard,consumer-789d764dc7-gqx9c,aaca8505-14c2-42e6-b996-6461d36bf484
2025-07-12 05:46:28,0,kube_pod_container_status_restarts_total,consumer,10.244.1.4:8080,prometheus.scrape.annotated_pods,nimbusguard,consumer-789d764dc7-gqx9c,aaca8505-14c2-42e6-b996-6461d36bf484
2025-07-12 05:47:28,0,kube_pod_container_status_restarts_total,consumer,10.244.1.4:8080,prometheus.scrape.annotated_pods,nimbusguard,consumer-789d764dc7-gqx9c,aaca8505-14c2-42e6-b996-6461d36bf484
2025-07-12 05:48:28,0,kube_pod_container_status_restarts_total,consumer,10.244.1.4:8080,prometheus.scrape.annotated_pods,nimbusguard,consumer-789d764dc7-gqx9c,aaca8505-14c2-42e6-b996-6461d36bf484
2025-07-12 05:49:28,0,kube_pod_container_status_restarts_total,consumer,10.244.1.4:8080,prometheus.scrape.annotated_pods,nimbusguard,consumer-789d764dc7-gqx9c,aaca8505-14c2-42e6-b996-6461d36bf484
2025-07-12 05:50:28,0,kube_pod_container_status_restarts_total,consumer,10.244.1.4:8080,prometheus.scrape.annotated_pods,nimbusguard,consumer-789d764dc7-gqx9c,aaca8505-14c2-42e6-b996-6461d36bf484
2025-07-12 05:51:28,0,kube_pod_container_status_restarts_total,consumer,10.244.1.4:8080,prometheus.scrape.annotated_pods,nimbusguard,consumer-789d764dc7-gqx9c,aaca8505-14c2-42e6-b996-6461d36bf484
2025-07-12 05:52:28,0,kube_pod_container_status_restarts_total,consumer,10.244.1.4:8080,prometheus.scrape.annotated_pods,nimbusguard,consumer-789d764dc7-gqx9c,aaca8505-14c2-42e6-b996-6461d36bf484
2025-07-12 05:53:28,0,kube_pod_container_status_restarts_total,consumer,10.244.1.4:8080,prometheus.scrape.annotated_pods,nimbusguard,consumer-789d764dc7-gqx9c,aaca8505-14c2-42e6-b996-6461d36bf484
2025-07-12 05:54:28,0,kube_pod_container_status_restarts_total,consumer,10.244.1.4:8080,prometheus.scrape.annotated_pods,nimbusguard,consumer-789d764dc7-gqx9c,aaca8505-14c2-42e6-b996-6461d36bf484
2025-07-12 05:55:28,0,kube_pod_container_status_restarts_total,consumer,10.244.1.4:8080,prometheus.scrape.annotated_pods,nimbusguard,consumer-789d764dc7-gqx9c,aaca8505-14c2-42e6-b996-6461d36bf484
2025-07-12 05:56:28,0,kube_pod_container_status_restarts_total,consumer,10.244.1.4:8080,prometheus.scrape.annotated_pods,nimbusguard,consumer-789d764dc7-gqx9c,aaca8505-14c2-42e6-b996-6461d36bf484
2025-07-12 05:57:28,0,kube_pod_container_status_restarts_total,consumer,10.244.1.4:8080,prometheus.scrape.annotated_pods,nimbusguard,consumer-789d764dc7-gqx9c,aaca8505-14c2-42e6-b996-6461d36bf484
2025-07-12 05:58:28,0,kube_pod_container_status_restarts_total,consumer,10.244.1.4:8080,prometheus.scrape.annotated_pods,nimbusguard,consumer-789d764dc7-gqx9c,aaca8505-14c2-42e6-b996-6461d36bf484
2025-07-12 05:59:28,0,kube_pod_container_status_restarts_total,consumer,10.244.1.4:8080,prometheus.scrape.annotated_pods,nimbusguard,consumer-789d764dc7-gqx9c,aaca8505-14c2-42e6-b996-6461d36bf484
2025-07-12 06:00:28,0,kube_pod_container_status_restarts_total,consumer,10.244.1.4:8080,prometheus.scrape.annotated_pods,nimbusguard,consumer-789d764dc7-gqx9c,aaca8505-14c2-42e6-b996-6461d36bf484
2025-07-12 06:01:28,0,kube_pod_container_status_restarts_total,consumer,10.244.1.4:8080,prometheus.scrape.annotated_pods,nimbusguard,consumer-789d764dc7-gqx9c,aaca8505-14c2-42e6-b996-6461d36bf484
2025-07-12 06:02:28,0,kube_pod_container_status_restarts_total,consumer,10.244.1.4:8080,prometheus.scrape.annotated_pods,nimbusguard,consumer-789d764dc7-gqx9c,aaca8505-14c2-42e6-b996-6461d36bf484
2025-07-12 06:03:28,0,kube_pod_container_status_restarts_total,consumer,10.244.1.4:8080,prometheus.scrape.annotated_pods,nimbusguard,consumer-789d764dc7-gqx9c,aaca8505-14c2-42e6-b996-6461d36bf484
2025-07-12 06:04:28,0,kube_pod_container_status_restarts_total,consumer,10.244.1.4:8080,prometheus.scrape.annotated_pods,nimbusguard,consumer-789d764dc7-gqx9c,aaca8505-14c2-42e6-b996-6461d36bf484
2025-07-12 06:05:28,0,kube_pod_container_status_restarts_total,consumer,10.244.1.4:8080,prometheus.scrape.annotated_pods,nimbusguard,consumer-789d764dc7-gqx9c,aaca8505-14c2-42e6-b996-6461d36bf484
2025-07-12 06:06:28,0,kube_pod_container_status_restarts_total,consumer,10.244.1.4:8080,prometheus.scrape.annotated_pods,nimbusguard,consumer-789d764dc7-gqx9c,aaca8505-14c2-42e6-b996-6461d36bf484
2025-07-12 06:07:28,0,kube_pod_container_status_restarts_total,consumer,10.244.1.4:8080,prometheus.scrape.annotated_pods,nimbusguard,consumer-789d764dc7-gqx9c,aaca8505-14c2-42e6-b996-6461d36bf484
2025-07-12 06:08:28,0,kube_pod_container_status_restarts_total,consumer,10.244.1.4:8080,prometheus.scrape.annotated_pods,nimbusguard,consumer-789d764dc7-gqx9c,aaca8505-14c2-42e6-b996-6461d36bf484
2025-07-12 06:09:28,0,kube_pod_container_status_restarts_total,consumer,10.244.1.4:8080,prometheus.scrape.annotated_pods,nimbusguard,consumer-789d764dc7-gqx9c,aaca8505-14c2-42e6-b996-6461d36bf484
2025-07-12 06:10:28,0,kube_pod_container_status_restarts_total,consumer,10.244.1.4:8080,prometheus.scrape.annotated_pods,nimbusguard,consumer-789d764dc7-gqx9c,aaca8505-14c2-42e6-b996-6461d36bf484
2025-07-12 06:11:28,0,kube_pod_container_status_restarts_total,consumer,10.244.1.4:8080,prometheus.scrape.annotated_pods,nimbusguard,consumer-789d764dc7-gqx9c,aaca8505-14c2-42e6-b996-6461d36bf484
2025-07-12 06:12:28,0,kube_pod_container_status_restarts_total,consumer,10.244.1.4:8080,prometheus.scrape.annotated_pods,nimbusguard,consumer-789d764dc7-gqx9c,aaca8505-14c2-42e6-b996-6461d36bf484
2025-07-12 06:13:28,0,kube_pod_container_status_restarts_total,consumer,10.244.1.4:8080,prometheus.scrape.annotated_pods,nimbusguard,consumer-789d764dc7-gqx9c,aaca8505-14c2-42e6-b996-6461d36bf484
2025-07-12 05:55:28,0,kube_pod_container_status_restarts_total,consumer,10.244.1.4:8080,prometheus.scrape.annotated_pods,nimbusguard,consumer-789d764dc7-hn29t,040846cf-abe3-43dd-aff3-5ade138f6030
2025-07-12 05:59:28,0,kube_pod_container_status_restarts_total,consumer,10.244.1.4:8080,prometheus.scrape.annotated_pods,nimbusguard,consumer-789d764dc7-j2sp9,6621df06-73d9-495d-874b-1d8bec5ab9cc
2025-07-12 05:34:28,0,kube_pod_container_status_restarts_total,consumer,10.244.1.4:8080,prometheus.scrape.annotated_pods,nimbusguard,consumer-789d764dc7-jprlm,1d57b347-a7d9-480e-b1b4-e53f8d2257b4
2025-07-12 05:35:28,0,kube_pod_container_status_restarts_total,consumer,10.244.1.4:8080,prometheus.scrape.annotated_pods,nimbusguard,consumer-789d764dc7-jprlm,1d57b347-a7d9-480e-b1b4-e53f8d2257b4
2025-07-12 05:36:28,0,kube_pod_container_status_restarts_total,consumer,10.244.1.4:8080,prometheus.scrape.annotated_pods,nimbusguard,consumer-789d764dc7-jprlm,1d57b347-a7d9-480e-b1b4-e53f8d2257b4
2025-07-12 05:37:28,0,kube_pod_container_status_restarts_total,consumer,10.244.1.4:8080,prometheus.scrape.annotated_pods,nimbusguard,consumer-789d764dc7-jprlm,1d57b347-a7d9-480e-b1b4-e53f8d2257b4
2025-07-12 05:38:28,0,kube_pod_container_status_restarts_total,consumer,10.244.1.4:8080,prometheus.scrape.annotated_pods,nimbusguard,consumer-789d764dc7-jprlm,1d57b347-a7d9-480e-b1b4-e53f8d2257b4
2025-07-12 05:39:28,0,kube_pod_container_status_restarts_total,consumer,10.244.1.4:8080,prometheus.scrape.annotated_pods,nimbusguard,consumer-789d764dc7-jprlm,1d57b347-a7d9-480e-b1b4-e53f8d2257b4
2025-07-12 05:40:28,0,kube_pod_container_status_restarts_total,consumer,10.244.1.4:8080,prometheus.scrape.annotated_pods,nimbusguard,consumer-789d764dc7-jprlm,1d57b347-a7d9-480e-b1b4-e53f8d2257b4
2025-07-12 05:41:28,0,kube_pod_container_status_restarts_total,consumer,10.244.1.4:8080,prometheus.scrape.annotated_pods,nimbusguard,consumer-789d764dc7-jprlm,1d57b347-a7d9-480e-b1b4-e53f8d2257b4
2025-07-12 05:51:28,0,kube_pod_container_status_restarts_total,consumer,10.244.1.4:8080,prometheus.scrape.annotated_pods,nimbusguard,consumer-789d764dc7-lrvts,464717e5-db17-4bd2-9ba9-6ec0ed68f57d
2025-07-12 05:52:28,0,kube_pod_container_status_restarts_total,consumer,10.244.1.4:8080,prometheus.scrape.annotated_pods,nimbusguard,consumer-789d764dc7-lrvts,464717e5-db17-4bd2-9ba9-6ec0ed68f57d
2025-07-12 05:53:28,0,kube_pod_container_status_restarts_total,consumer,10.244.1.4:8080,prometheus.scrape.annotated_pods,nimbusguard,consumer-789d764dc7-lrvts,464717e5-db17-4bd2-9ba9-6ec0ed68f57d
2025-07-12 05:54:28,0,kube_pod_container_status_restarts_total,consumer,10.244.1.4:8080,prometheus.scrape.annotated_pods,nimbusguard,consumer-789d764dc7-lrvts,464717e5-db17-4bd2-9ba9-6ec0ed68f57d
2025-07-12 05:32:28,0,kube_pod_container_status_restarts_total,consumer,10.244.1.4:8080,prometheus.scrape.annotated_pods,nimbusguard,consumer-789d764dc7-m6pn9,275cc098-7bd6-4e36-afb7-63d7b33372c8
2025-07-12 05:33:28,0,kube_pod_container_status_restarts_total,consumer,10.244.1.4:8080,prometheus.scrape.annotated_pods,nimbusguard,consumer-789d764dc7-m6pn9,275cc098-7bd6-4e36-afb7-63d7b33372c8
2025-07-12 05:34:28,0,kube_pod_container_status_restarts_total,consumer,10.244.1.4:8080,prometheus.scrape.annotated_pods,nimbusguard,consumer-789d764dc7-m6pn9,275cc098-7bd6-4e36-afb7-63d7b33372c8
2025-07-12 05:35:28,0,kube_pod_container_status_restarts_total,consumer,10.244.1.4:8080,prometheus.scrape.annotated_pods,nimbusguard,consumer-789d764dc7-m6pn9,275cc098-7bd6-4e36-afb7-63d7b33372c8
2025-07-12 05:36:28,0,kube_pod_container_status_restarts_total,consumer,10.244.1.4:8080,prometheus.scrape.annotated_pods,nimbusguard,consumer-789d764dc7-m6pn9,275cc098-7bd6-4e36-afb7-63d7b33372c8
2025-07-12 05:37:28,0,kube_pod_container_status_restarts_total,consumer,10.244.1.4:8080,prometheus.scrape.annotated_pods,nimbusguard,consumer-789d764dc7-m6pn9,275cc098-7bd6-4e36-afb7-63d7b33372c8
2025-07-12 05:38:28,0,kube_pod_container_status_restarts_total,consumer,10.244.1.4:8080,prometheus.scrape.annotated_pods,nimbusguard,consumer-789d764dc7-m6pn9,275cc098-7bd6-4e36-afb7-63d7b33372c8
2025-07-12 05:39:28,0,kube_pod_container_status_restarts_total,consumer,10.244.1.4:8080,prometheus.scrape.annotated_pods,nimbusguard,consumer-789d764dc7-m6pn9,275cc098-7bd6-4e36-afb7-63d7b33372c8
2025-07-12 05:40:28,0,kube_pod_container_status_restarts_total,consumer,10.244.1.4:8080,prometheus.scrape.annotated_pods,nimbusguard,consumer-789d764dc7-m6pn9,275cc098-7bd6-4e36-afb7-63d7b33372c8
2025-07-12 05:41:28,0,kube_pod_container_status_restarts_total,consumer,10.244.1.4:8080,prometheus.scrape.annotated_pods,nimbusguard,consumer-789d764dc7-m6pn9,275cc098-7bd6-4e36-afb7-63d7b33372c8
2025-07-12 05:42:28,0,kube_pod_container_status_restarts_total,consumer,10.244.1.4:8080,prometheus.scrape.annotated_pods,nimbusguard,consumer-789d764dc7-m6pn9,275cc098-7bd6-4e36-afb7-63d7b33372c8
2025-07-12 05:43:28,0,kube_pod_container_status_restarts_total,consumer,10.244.1.4:8080,prometheus.scrape.annotated_pods,nimbusguard,consumer-789d764dc7-m6pn9,275cc098-7bd6-4e36-afb7-63d7b33372c8
2025-07-12 05:32:28,0,kube_pod_container_status_restarts_total,consumer,10.244.1.4:8080,prometheus.scrape.annotated_pods,nimbusguard,consumer-789d764dc7-mbqtq,bc096d17-b095-4b72-808f-0e354a6bd047
2025-07-12 05:33:28,0,kube_pod_container_status_restarts_total,consumer,10.244.1.4:8080,prometheus.scrape.annotated_pods,nimbusguard,consumer-789d764dc7-mbqtq,bc096d17-b095-4b72-808f-0e354a6bd047
2025-07-12 05:34:28,0,kube_pod_container_status_restarts_total,consumer,10.244.1.4:8080,prometheus.scrape.annotated_pods,nimbusguard,consumer-789d764dc7-mbqtq,bc096d17-b095-4b72-808f-0e354a6bd047
2025-07-12 05:35:28,0,kube_pod_container_status_restarts_total,consumer,10.244.1.4:8080,prometheus.scrape.annotated_pods,nimbusguard,consumer-789d764dc7-mbqtq,bc096d17-b095-4b72-808f-0e354a6bd047
2025-07-12 05:36:28,0,kube_pod_container_status_restarts_total,consumer,10.244.1.4:8080,prometheus.scrape.annotated_pods,nimbusguard,consumer-789d764dc7-mbqtq,bc096d17-b095-4b72-808f-0e354a6bd047
2025-07-12 05:37:28,0,kube_pod_container_status_restarts_total,consumer,10.244.1.4:8080,prometheus.scrape.annotated_pods,nimbusguard,consumer-789d764dc7-mbqtq,bc096d17-b095-4b72-808f-0e354a6bd047
2025-07-12 05:38:28,0,kube_pod_container_status_restarts_total,consumer,10.244.1.4:8080,prometheus.scrape.annotated_pods,nimbusguard,consumer-789d764dc7-mbqtq,bc096d17-b095-4b72-808f-0e354a6bd047
2025-07-12 05:39:28,0,kube_pod_container_status_restarts_total,consumer,10.244.1.4:8080,prometheus.scrape.annotated_pods,nimbusguard,consumer-789d764dc7-mbqtq,bc096d17-b095-4b72-808f-0e354a6bd047
2025-07-12 05:40:28,0,kube_pod_container_status_restarts_total,consumer,10.244.1.4:8080,prometheus.scrape.annotated_pods,nimbusguard,consumer-789d764dc7-mbqtq,bc096d17-b095-4b72-808f-0e354a6bd047
2025-07-12 05:41:28,0,kube_pod_container_status_restarts_total,consumer,10.244.1.4:8080,prometheus.scrape.annotated_pods,nimbusguard,consumer-789d764dc7-mbqtq,bc096d17-b095-4b72-808f-0e354a6bd047
2025-07-12 05:42:28,0,kube_pod_container_status_restarts_total,consumer,10.244.1.4:8080,prometheus.scrape.annotated_pods,nimbusguard,consumer-789d764dc7-mbqtq,bc096d17-b095-4b72-808f-0e354a6bd047
2025-07-12 05:43:28,0,kube_pod_container_status_restarts_total,consumer,10.244.1.4:8080,prometheus.scrape.annotated_pods,nimbusguard,consumer-789d764dc7-mbqtq,bc096d17-b095-4b72-808f-0e354a6bd047
2025-07-12 05:44:28,1,kube_pod_container_status_restarts_total,consumer,10.244.1.4:8080,prometheus.scrape.annotated_pods,nimbusguard,consumer-789d764dc7-mbqtq,bc096d17-b095-4b72-808f-0e354a6bd047
2025-07-12 05:45:28,1,kube_pod_container_status_restarts_total,consumer,10.244.1.4:8080,prometheus.scrape.annotated_pods,nimbusguard,consumer-789d764dc7-mbqtq,bc096d17-b095-4b72-808f-0e354a6bd047
2025-07-12 05:46:28,1,kube_pod_container_status_restarts_total,consumer,10.244.1.4:8080,prometheus.scrape.annotated_pods,nimbusguard,consumer-789d764dc7-mbqtq,bc096d17-b095-4b72-808f-0e354a6bd047
2025-07-12 05:47:28,1,kube_pod_container_status_restarts_total,consumer,10.244.1.4:8080,prometheus.scrape.annotated_pods,nimbusguard,consumer-789d764dc7-mbqtq,bc096d17-b095-4b72-808f-0e354a6bd047
2025-07-12 05:48:28,1,kube_pod_container_status_restarts_total,consumer,10.244.1.4:8080,prometheus.scrape.annotated_pods,nimbusguard,consumer-789d764dc7-mbqtq,bc096d17-b095-4b72-808f-0e354a6bd047
2025-07-12 05:49:28,1,kube_pod_container_status_restarts_total,consumer,10.244.1.4:8080,prometheus.scrape.annotated_pods,nimbusguard,consumer-789d764dc7-mbqtq,bc096d17-b095-4b72-808f-0e354a6bd047
2025-07-12 05:50:28,1,kube_pod_container_status_restarts_total,consumer,10.244.1.4:8080,prometheus.scrape.annotated_pods,nimbusguard,consumer-789d764dc7-mbqtq,bc096d17-b095-4b72-808f-0e354a6bd047
2025-07-12 05:51:28,2,kube_pod_container_status_restarts_total,consumer,10.244.1.4:8080,prometheus.scrape.annotated_pods,nimbusguard,consumer-789d764dc7-mbqtq,bc096d17-b095-4b72-808f-0e354a6bd047
2025-07-12 05:52:28,2,kube_pod_container_status_restarts_total,consumer,10.244.1.4:8080,prometheus.scrape.annotated_pods,nimbusguard,consumer-789d764dc7-mbqtq,bc096d17-b095-4b72-808f-0e354a6bd047
2025-07-12 05:53:28,2,kube_pod_container_status_restarts_total,consumer,10.244.1.4:8080,prometheus.scrape.annotated_pods,nimbusguard,consumer-789d764dc7-mbqtq,bc096d17-b095-4b72-808f-0e354a6bd047
2025-07-12 05:54:28,2,kube_pod_container_status_restarts_total,consumer,10.244.1.4:8080,prometheus.scrape.annotated_pods,nimbusguard,consumer-789d764dc7-mbqtq,bc096d17-b095-4b72-808f-0e354a6bd047
2025-07-12 05:55:28,2,kube_pod_container_status_restarts_total,consumer,10.244.1.4:8080,prometheus.scrape.annotated_pods,nimbusguard,consumer-789d764dc7-mbqtq,bc096d17-b095-4b72-808f-0e354a6bd047
2025-07-12 05:56:28,2,kube_pod_container_status_restarts_total,consumer,10.244.1.4:8080,prometheus.scrape.annotated_pods,nimbusguard,consumer-789d764dc7-mbqtq,bc096d17-b095-4b72-808f-0e354a6bd047
2025-07-12 05:57:28,2,kube_pod_container_status_restarts_total,consumer,10.244.1.4:8080,prometheus.scrape.annotated_pods,nimbusguard,consumer-789d764dc7-mbqtq,bc096d17-b095-4b72-808f-0e354a6bd047
2025-07-12 05:58:28,2,kube_pod_container_status_restarts_total,consumer,10.244.1.4:8080,prometheus.scrape.annotated_pods,nimbusguard,consumer-789d764dc7-mbqtq,bc096d17-b095-4b72-808f-0e354a6bd047
2025-07-12 05:59:28,2,kube_pod_container_status_restarts_total,consumer,10.244.1.4:8080,prometheus.scrape.annotated_pods,nimbusguard,consumer-789d764dc7-mbqtq,bc096d17-b095-4b72-808f-0e354a6bd047
2025-07-12 06:00:28,2,kube_pod_container_status_restarts_total,consumer,10.244.1.4:8080,prometheus.scrape.annotated_pods,nimbusguard,consumer-789d764dc7-mbqtq,bc096d17-b095-4b72-808f-0e354a6bd047
2025-07-12 06:01:28,2,kube_pod_container_status_restarts_total,consumer,10.244.1.4:8080,prometheus.scrape.annotated_pods,nimbusguard,consumer-789d764dc7-mbqtq,bc096d17-b095-4b72-808f-0e354a6bd047
2025-07-12 06:02:28,2,kube_pod_container_status_restarts_total,consumer,10.244.1.4:8080,prometheus.scrape.annotated_pods,nimbusguard,consumer-789d764dc7-mbqtq,bc096d17-b095-4b72-808f-0e354a6bd047
2025-07-12 06:03:28,2,kube_pod_container_status_restarts_total,consumer,10.244.1.4:8080,prometheus.scrape.annotated_pods,nimbusguard,consumer-789d764dc7-mbqtq,bc096d17-b095-4b72-808f-0e354a6bd047
2025-07-12 05:52:28,0,kube_pod_container_status_restarts_total,consumer,10.244.1.4:8080,prometheus.scrape.annotated_pods,nimbusguard,consumer-789d764dc7-ng52s,e328308e-b352-4dfb-b2de-1e0aaceff463
2025-07-12 06:03:28,0,kube_pod_container_status_restarts_total,consumer,10.244.1.4:8080,prometheus.scrape.annotated_pods,nimbusguard,consumer-789d764dc7-phkt5,879d3c85-eab6-4da2-a6b3-cff9f95032d1
2025-07-12 05:50:28,0,kube_pod_container_status_restarts_total,consumer,10.244.1.4:8080,prometheus.scrape.annotated_pods,nimbusguard,consumer-789d764dc7-q4xhq,6903dfe4-81c6-46d8-9397-c3d5e78edaf4
2025-07-12 05:51:28,0,kube_pod_container_status_restarts_total,consumer,10.244.1.4:8080,prometheus.scrape.annotated_pods,nimbusguard,consumer-789d764dc7-q4xhq,6903dfe4-81c6-46d8-9397-c3d5e78edaf4
2025-07-12 05:52:28,0,kube_pod_container_status_restarts_total,consumer,10.244.1.4:8080,prometheus.scrape.annotated_pods,nimbusguard,consumer-789d764dc7-q4xhq,6903dfe4-81c6-46d8-9397-c3d5e78edaf4
2025-07-12 05:53:28,0,kube_pod_container_status_restarts_total,consumer,10.244.1.4:8080,prometheus.scrape.annotated_pods,nimbusguard,consumer-789d764dc7-q4xhq,6903dfe4-81c6-46d8-9397-c3d5e78edaf4
2025-07-12 05:54:28,0,kube_pod_container_status_restarts_total,consumer,10.244.1.4:8080,prometheus.scrape.annotated_pods,nimbusguard,consumer-789d764dc7-q4xhq,6903dfe4-81c6-46d8-9397-c3d5e78edaf4
2025-07-12 05:55:28,0,kube_pod_container_status_restarts_total,consumer,10.244.1.4:8080,prometheus.scrape.annotated_pods,nimbusguard,consumer-789d764dc7-q4xhq,6903dfe4-81c6-46d8-9397-c3d5e78edaf4
2025-07-12 05:56:28,0,kube_pod_container_status_restarts_total,consumer,10.244.1.4:8080,prometheus.scrape.annotated_pods,nimbusguard,consumer-789d764dc7-q4xhq,6903dfe4-81c6-46d8-9397-c3d5e78edaf4
2025-07-12 05:57:28,0,kube_pod_container_status_restarts_total,consumer,10.244.1.4:8080,prometheus.scrape.annotated_pods,nimbusguard,consumer-789d764dc7-q4xhq,6903dfe4-81c6-46d8-9397-c3d5e78edaf4
2025-07-12 05:58:28,0,kube_pod_container_status_restarts_total,consumer,10.244.1.4:8080,prometheus.scrape.annotated_pods,nimbusguard,consumer-789d764dc7-q4xhq,6903dfe4-81c6-46d8-9397-c3d5e78edaf4
2025-07-12 05:59:28,0,kube_pod_container_status_restarts_total,consumer,10.244.1.4:8080,prometheus.scrape.annotated_pods,nimbusguard,consumer-789d764dc7-q4xhq,6903dfe4-81c6-46d8-9397-c3d5e78edaf4
2025-07-12 06:00:28,0,kube_pod_container_status_restarts_total,consumer,10.244.1.4:8080,prometheus.scrape.annotated_pods,nimbusguard,consumer-789d764dc7-q4xhq,6903dfe4-81c6-46d8-9397-c3d5e78edaf4
2025-07-12 06:01:28,0,kube_pod_container_status_restarts_total,consumer,10.244.1.4:8080,prometheus.scrape.annotated_pods,nimbusguard,consumer-789d764dc7-q4xhq,6903dfe4-81c6-46d8-9397-c3d5e78edaf4
2025-07-12 05:46:28,0,kube_pod_container_status_restarts_total,consumer,10.244.1.4:8080,prometheus.scrape.annotated_pods,nimbusguard,consumer-789d764dc7-r6jgr,d7ff0f1d-ba58-4c39-95dc-ef6ca58aa96b
2025-07-12 05:33:28,0,kube_pod_container_status_restarts_total,consumer,10.244.1.4:8080,prometheus.scrape.annotated_pods,nimbusguard,consumer-789d764dc7-rdt26,55c5a28d-7e60-4e18-b3bf-f4f73d3f8c98
2025-07-12 05:34:28,0,kube_pod_container_status_restarts_total,consumer,10.244.1.4:8080,prometheus.scrape.annotated_pods,nimbusguard,consumer-789d764dc7-rdt26,55c5a28d-7e60-4e18-b3bf-f4f73d3f8c98
2025-07-12 05:35:28,0,kube_pod_container_status_restarts_total,consumer,10.244.1.4:8080,prometheus.scrape.annotated_pods,nimbusguard,consumer-789d764dc7-rdt26,55c5a28d-7e60-4e18-b3bf-f4f73d3f8c98
2025-07-12 05:36:28,0,kube_pod_container_status_restarts_total,consumer,10.244.1.4:8080,prometheus.scrape.annotated_pods,nimbusguard,consumer-789d764dc7-rdt26,55c5a28d-7e60-4e18-b3bf-f4f73d3f8c98
2025-07-12 05:37:28,0,kube_pod_container_status_restarts_total,consumer,10.244.1.4:8080,prometheus.scrape.annotated_pods,nimbusguard,consumer-789d764dc7-rdt26,55c5a28d-7e60-4e18-b3bf-f4f73d3f8c98
2025-07-12 05:38:28,0,kube_pod_container_status_restarts_total,consumer,10.244.1.4:8080,prometheus.scrape.annotated_pods,nimbusguard,consumer-789d764dc7-rdt26,55c5a28d-7e60-4e18-b3bf-f4f73d3f8c98
2025-07-12 05:39:28,0,kube_pod_container_status_restarts_total,consumer,10.244.1.4:8080,prometheus.scrape.annotated_pods,nimbusguard,consumer-789d764dc7-rdt26,55c5a28d-7e60-4e18-b3bf-f4f73d3f8c98
2025-07-12 05:40:28,0,kube_pod_container_status_restarts_total,consumer,10.244.1.4:8080,prometheus.scrape.annotated_pods,nimbusguard,consumer-789d764dc7-rdt26,55c5a28d-7e60-4e18-b3bf-f4f73d3f8c98
2025-07-12 05:41:28,0,kube_pod_container_status_restarts_total,consumer,10.244.1.4:8080,prometheus.scrape.annotated_pods,nimbusguard,consumer-789d764dc7-rdt26,55c5a28d-7e60-4e18-b3bf-f4f73d3f8c98
2025-07-12 05:42:28,0,kube_pod_container_status_restarts_total,consumer,10.244.1.4:8080,prometheus.scrape.annotated_pods,nimbusguard,consumer-789d764dc7-rdt26,55c5a28d-7e60-4e18-b3bf-f4f73d3f8c98
2025-07-12 05:43:28,0,kube_pod_container_status_restarts_total,consumer,10.244.1.4:8080,prometheus.scrape.annotated_pods,nimbusguard,consumer-789d764dc7-rdt26,55c5a28d-7e60-4e18-b3bf-f4f73d3f8c98
2025-07-12 05:44:28,0,kube_pod_container_status_restarts_total,consumer,10.244.1.4:8080,prometheus.scrape.annotated_pods,nimbusguard,consumer-789d764dc7-rdt26,55c5a28d-7e60-4e18-b3bf-f4f73d3f8c98
2025-07-12 05:45:28,0,kube_pod_container_status_restarts_total,consumer,10.244.1.4:8080,prometheus.scrape.annotated_pods,nimbusguard,consumer-789d764dc7-rdt26,55c5a28d-7e60-4e18-b3bf-f4f73d3f8c98
2025-07-12 05:46:28,0,kube_pod_container_status_restarts_total,consumer,10.244.1.4:8080,prometheus.scrape.annotated_pods,nimbusguard,consumer-789d764dc7-rdt26,55c5a28d-7e60-4e18-b3bf-f4f73d3f8c98
2025-07-12 05:47:28,1,kube_pod_container_status_restarts_total,consumer,10.244.1.4:8080,prometheus.scrape.annotated_pods,nimbusguard,consumer-789d764dc7-rdt26,55c5a28d-7e60-4e18-b3bf-f4f73d3f8c98
2025-07-12 05:49:28,0,kube_pod_container_status_restarts_total,consumer,10.244.1.4:8080,prometheus.scrape.annotated_pods,nimbusguard,consumer-789d764dc7-rg67x,35005ac0-b2e4-4b11-9617-1d4610a428af
2025-07-12 05:50:28,0,kube_pod_container_status_restarts_total,consumer,10.244.1.4:8080,prometheus.scrape.annotated_pods,nimbusguard,consumer-789d764dc7-rg67x,35005ac0-b2e4-4b11-9617-1d4610a428af
2025-07-12 05:51:28,0,kube_pod_container_status_restarts_total,consumer,10.244.1.4:8080,prometheus.scrape.annotated_pods,nimbusguard,consumer-789d764dc7-rg67x,35005ac0-b2e4-4b11-9617-1d4610a428af
2025-07-12 05:52:28,0,kube_pod_container_status_restarts_total,consumer,10.244.1.4:8080,prometheus.scrape.annotated_pods,nimbusguard,consumer-789d764dc7-rg67x,35005ac0-b2e4-4b11-9617-1d4610a428af
2025-07-12 05:53:28,0,kube_pod_container_status_restarts_total,consumer,10.244.1.4:8080,prometheus.scrape.annotated_pods,nimbusguard,consumer-789d764dc7-rg67x,35005ac0-b2e4-4b11-9617-1d4610a428af
2025-07-12 05:54:28,0,kube_pod_container_status_restarts_total,consumer,10.244.1.4:8080,prometheus.scrape.annotated_pods,nimbusguard,consumer-789d764dc7-rg67x,35005ac0-b2e4-4b11-9617-1d4610a428af
2025-07-12 05:55:28,0,kube_pod_container_status_restarts_total,consumer,10.244.1.4:8080,prometheus.scrape.annotated_pods,nimbusguard,consumer-789d764dc7-rg67x,35005ac0-b2e4-4b11-9617-1d4610a428af
2025-07-12 05:56:28,0,kube_pod_container_status_restarts_total,consumer,10.244.1.4:8080,prometheus.scrape.annotated_pods,nimbusguard,consumer-789d764dc7-rg67x,35005ac0-b2e4-4b11-9617-1d4610a428af
2025-07-12 05:46:28,0,kube_pod_container_status_restarts_total,consumer,10.244.1.4:8080,prometheus.scrape.annotated_pods,nimbusguard,consumer-789d764dc7-rnmgg,d66a7bf4-608e-4c07-bf0c-2ef6ccf275ea
2025-07-12 05:47:28,0,kube_pod_container_status_restarts_total,consumer,10.244.1.4:8080,prometheus.scrape.annotated_pods,nimbusguard,consumer-789d764dc7-rnmgg,d66a7bf4-608e-4c07-bf0c-2ef6ccf275ea
2025-07-12 05:48:28,0,kube_pod_container_status_restarts_total,consumer,10.244.1.4:8080,prometheus.scrape.annotated_pods,nimbusguard,consumer-789d764dc7-rnmgg,d66a7bf4-608e-4c07-bf0c-2ef6ccf275ea
2025-07-12 05:49:28,1,kube_pod_container_status_restarts_total,consumer,10.244.1.4:8080,prometheus.scrape.annotated_pods,nimbusguard,consumer-789d764dc7-rnmgg,d66a7bf4-608e-4c07-bf0c-2ef6ccf275ea
2025-07-12 05:50:28,1,kube_pod_container_status_restarts_total,consumer,10.244.1.4:8080,prometheus.scrape.annotated_pods,nimbusguard,consumer-789d764dc7-rnmgg,d66a7bf4-608e-4c07-bf0c-2ef6ccf275ea
2025-07-12 05:51:28,1,kube_pod_container_status_restarts_total,consumer,10.244.1.4:8080,prometheus.scrape.annotated_pods,nimbusguard,consumer-789d764dc7-rnmgg,d66a7bf4-608e-4c07-bf0c-2ef6ccf275ea
2025-07-12 05:52:28,1,kube_pod_container_status_restarts_total,consumer,10.244.1.4:8080,prometheus.scrape.annotated_pods,nimbusguard,consumer-789d764dc7-rnmgg,d66a7bf4-608e-4c07-bf0c-2ef6ccf275ea
2025-07-12 05:53:28,1,kube_pod_container_status_restarts_total,consumer,10.244.1.4:8080,prometheus.scrape.annotated_pods,nimbusguard,consumer-789d764dc7-rnmgg,d66a7bf4-608e-4c07-bf0c-2ef6ccf275ea
2025-07-12 05:54:28,1,kube_pod_container_status_restarts_total,consumer,10.244.1.4:8080,prometheus.scrape.annotated_pods,nimbusguard,consumer-789d764dc7-rnmgg,d66a7bf4-608e-4c07-bf0c-2ef6ccf275ea
2025-07-12 05:55:28,1,kube_pod_container_status_restarts_total,consumer,10.244.1.4:8080,prometheus.scrape.annotated_pods,nimbusguard,consumer-789d764dc7-rnmgg,d66a7bf4-608e-4c07-bf0c-2ef6ccf275ea
2025-07-12 05:56:28,1,kube_pod_container_status_restarts_total,consumer,10.244.1.4:8080,prometheus.scrape.annotated_pods,nimbusguard,consumer-789d764dc7-rnmgg,d66a7bf4-608e-4c07-bf0c-2ef6ccf275ea
2025-07-12 05:57:28,1,kube_pod_container_status_restarts_total,consumer,10.244.1.4:8080,prometheus.scrape.annotated_pods,nimbusguard,consumer-789d764dc7-rnmgg,d66a7bf4-608e-4c07-bf0c-2ef6ccf275ea
2025-07-12 05:58:28,1,kube_pod_container_status_restarts_total,consumer,10.244.1.4:8080,prometheus.scrape.annotated_pods,nimbusguard,consumer-789d764dc7-rnmgg,d66a7bf4-608e-4c07-bf0c-2ef6ccf275ea
2025-07-12 05:59:28,1,kube_pod_container_status_restarts_total,consumer,10.244.1.4:8080,prometheus.scrape.annotated_pods,nimbusguard,consumer-789d764dc7-rnmgg,d66a7bf4-608e-4c07-bf0c-2ef6ccf275ea
2025-07-12 06:00:28,1,kube_pod_container_status_restarts_total,consumer,10.244.1.4:8080,prometheus.scrape.annotated_pods,nimbusguard,consumer-789d764dc7-rnmgg,d66a7bf4-608e-4c07-bf0c-2ef6ccf275ea
2025-07-12 06:01:28,1,kube_pod_container_status_restarts_total,consumer,10.244.1.4:8080,prometheus.scrape.annotated_pods,nimbusguard,consumer-789d764dc7-rnmgg,d66a7bf4-608e-4c07-bf0c-2ef6ccf275ea
2025-07-12 06:02:28,1,kube_pod_container_status_restarts_total,consumer,10.244.1.4:8080,prometheus.scrape.annotated_pods,nimbusguard,consumer-789d764dc7-rnmgg,d66a7bf4-608e-4c07-bf0c-2ef6ccf275ea
2025-07-12 06:03:28,1,kube_pod_container_status_restarts_total,consumer,10.244.1.4:8080,prometheus.scrape.annotated_pods,nimbusguard,consumer-789d764dc7-rnmgg,d66a7bf4-608e-4c07-bf0c-2ef6ccf275ea
2025-07-12 06:04:28,1,kube_pod_container_status_restarts_total,consumer,10.244.1.4:8080,prometheus.scrape.annotated_pods,nimbusguard,consumer-789d764dc7-rnmgg,d66a7bf4-608e-4c07-bf0c-2ef6ccf275ea
2025-07-12 06:05:28,1,kube_pod_container_status_restarts_total,consumer,10.244.1.4:8080,prometheus.scrape.annotated_pods,nimbusguard,consumer-789d764dc7-rnmgg,d66a7bf4-608e-4c07-bf0c-2ef6ccf275ea
2025-07-12 06:06:28,1,kube_pod_container_status_restarts_total,consumer,10.244.1.4:8080,prometheus.scrape.annotated_pods,nimbusguard,consumer-789d764dc7-rnmgg,d66a7bf4-608e-4c07-bf0c-2ef6ccf275ea
2025-07-12 05:58:28,0,kube_pod_container_status_restarts_total,consumer,10.244.1.4:8080,prometheus.scrape.annotated_pods,nimbusguard,consumer-789d764dc7-rr72g,b93daced-ab0e-4cea-9e99-f352a8e14792
2025-07-12 05:59:28,0,kube_pod_container_status_restarts_total,consumer,10.244.1.4:8080,prometheus.scrape.annotated_pods,nimbusguard,consumer-789d764dc7-rr72g,b93daced-ab0e-4cea-9e99-f352a8e14792
2025-07-12 05:33:28,0,kube_pod_container_status_restarts_total,consumer,10.244.1.4:8080,prometheus.scrape.annotated_pods,nimbusguard,consumer-789d764dc7-rt4bp,dccb7f15-6387-49f7-8219-6c04c55e44e0
2025-07-12 05:34:28,0,kube_pod_container_status_restarts_total,consumer,10.244.1.4:8080,prometheus.scrape.annotated_pods,nimbusguard,consumer-789d764dc7-rt4bp,dccb7f15-6387-49f7-8219-6c04c55e44e0
2025-07-12 05:35:28,0,kube_pod_container_status_restarts_total,consumer,10.244.1.4:8080,prometheus.scrape.annotated_pods,nimbusguard,consumer-789d764dc7-rt4bp,dccb7f15-6387-49f7-8219-6c04c55e44e0
2025-07-12 05:36:28,0,kube_pod_container_status_restarts_total,consumer,10.244.1.4:8080,prometheus.scrape.annotated_pods,nimbusguard,consumer-789d764dc7-rt4bp,dccb7f15-6387-49f7-8219-6c04c55e44e0
2025-07-12 05:37:28,0,kube_pod_container_status_restarts_total,consumer,10.244.1.4:8080,prometheus.scrape.annotated_pods,nimbusguard,consumer-789d764dc7-rt4bp,dccb7f15-6387-49f7-8219-6c04c55e44e0
2025-07-12 05:38:28,0,kube_pod_container_status_restarts_total,consumer,10.244.1.4:8080,prometheus.scrape.annotated_pods,nimbusguard,consumer-789d764dc7-rt4bp,dccb7f15-6387-49f7-8219-6c04c55e44e0
2025-07-12 05:39:28,0,kube_pod_container_status_restarts_total,consumer,10.244.1.4:8080,prometheus.scrape.annotated_pods,nimbusguard,consumer-789d764dc7-rt4bp,dccb7f15-6387-49f7-8219-6c04c55e44e0
2025-07-12 05:40:28,0,kube_pod_container_status_restarts_total,consumer,10.244.1.4:8080,prometheus.scrape.annotated_pods,nimbusguard,consumer-789d764dc7-rt4bp,dccb7f15-6387-49f7-8219-6c04c55e44e0
2025-07-12 05:41:28,0,kube_pod_container_status_restarts_total,consumer,10.244.1.4:8080,prometheus.scrape.annotated_pods,nimbusguard,consumer-789d764dc7-rt4bp,dccb7f15-6387-49f7-8219-6c04c55e44e0
2025-07-12 05:52:28,0,kube_pod_container_status_restarts_total,consumer,10.244.1.4:8080,prometheus.scrape.annotated_pods,nimbusguard,consumer-789d764dc7-rv469,dd1963dc-92d9-43c7-94d5-9af20e1b4034
2025-07-12 05:53:28,0,kube_pod_container_status_restarts_total,consumer,10.244.1.4:8080,prometheus.scrape.annotated_pods,nimbusguard,consumer-789d764dc7-rv469,dd1963dc-92d9-43c7-94d5-9af20e1b4034
2025-07-12 05:54:28,0,kube_pod_container_status_restarts_total,consumer,10.244.1.4:8080,prometheus.scrape.annotated_pods,nimbusguard,consumer-789d764dc7-rv469,dd1963dc-92d9-43c7-94d5-9af20e1b4034
2025-07-12 05:55:28,0,kube_pod_container_status_restarts_total,consumer,10.244.1.4:8080,prometheus.scrape.annotated_pods,nimbusguard,consumer-789d764dc7-rv469,dd1963dc-92d9-43c7-94d5-9af20e1b4034
2025-07-12 05:35:28,0,kube_pod_container_status_restarts_total,consumer,10.244.1.4:8080,prometheus.scrape.annotated_pods,nimbusguard,consumer-789d764dc7-sl5zm,9b85000b-e989-4c50-b6c6-7c0e36e6aaef
2025-07-12 05:36:28,0,kube_pod_container_status_restarts_total,consumer,10.244.1.4:8080,prometheus.scrape.annotated_pods,nimbusguard,consumer-789d764dc7-sl5zm,9b85000b-e989-4c50-b6c6-7c0e36e6aaef
2025-07-12 05:37:28,0,kube_pod_container_status_restarts_total,consumer,10.244.1.4:8080,prometheus.scrape.annotated_pods,nimbusguard,consumer-789d764dc7-sl5zm,9b85000b-e989-4c50-b6c6-7c0e36e6aaef
2025-07-12 05:38:28,0,kube_pod_container_status_restarts_total,consumer,10.244.1.4:8080,prometheus.scrape.annotated_pods,nimbusguard,consumer-789d764dc7-sl5zm,9b85000b-e989-4c50-b6c6-7c0e36e6aaef
2025-07-12 05:39:28,0,kube_pod_container_status_restarts_total,consumer,10.244.1.4:8080,prometheus.scrape.annotated_pods,nimbusguard,consumer-789d764dc7-sl5zm,9b85000b-e989-4c50-b6c6-7c0e36e6aaef
2025-07-12 05:40:28,0,kube_pod_container_status_restarts_total,consumer,10.244.1.4:8080,prometheus.scrape.annotated_pods,nimbusguard,consumer-789d764dc7-sl5zm,9b85000b-e989-4c50-b6c6-7c0e36e6aaef
2025-07-12 05:41:28,0,kube_pod_container_status_restarts_total,consumer,10.244.1.4:8080,prometheus.scrape.annotated_pods,nimbusguard,consumer-789d764dc7-sl5zm,9b85000b-e989-4c50-b6c6-7c0e36e6aaef
2025-07-12 05:44:28,0,kube_pod_container_status_restarts_total,consumer,10.244.1.4:8080,prometheus.scrape.annotated_pods,nimbusguard,consumer-789d764dc7-ssfgd,9b544ebc-ddf4-46da-a7c4-6ec9905f67d2
2025-07-12 05:45:28,0,kube_pod_container_status_restarts_total,consumer,10.244.1.4:8080,prometheus.scrape.annotated_pods,nimbusguard,consumer-789d764dc7-ssfgd,9b544ebc-ddf4-46da-a7c4-6ec9905f67d2
2025-07-12 05:46:28,0,kube_pod_container_status_restarts_total,consumer,10.244.1.4:8080,prometheus.scrape.annotated_pods,nimbusguard,consumer-789d764dc7-ssfgd,9b544ebc-ddf4-46da-a7c4-6ec9905f67d2
2025-07-12 05:47:28,0,kube_pod_container_status_restarts_total,consumer,10.244.1.4:8080,prometheus.scrape.annotated_pods,nimbusguard,consumer-789d764dc7-ssfgd,9b544ebc-ddf4-46da-a7c4-6ec9905f67d2
2025-07-12 05:48:28,0,kube_pod_container_status_restarts_total,consumer,10.244.1.4:8080,prometheus.scrape.annotated_pods,nimbusguard,consumer-789d764dc7-ssfgd,9b544ebc-ddf4-46da-a7c4-6ec9905f67d2
2025-07-12 05:49:28,0,kube_pod_container_status_restarts_total,consumer,10.244.1.4:8080,prometheus.scrape.annotated_pods,nimbusguard,consumer-789d764dc7-ssfgd,9b544ebc-ddf4-46da-a7c4-6ec9905f67d2
2025-07-12 05:50:28,0,kube_pod_container_status_restarts_total,consumer,10.244.1.4:8080,prometheus.scrape.annotated_pods,nimbusguard,consumer-789d764dc7-ssfgd,9b544ebc-ddf4-46da-a7c4-6ec9905f67d2
2025-07-12 05:51:28,0,kube_pod_container_status_restarts_total,consumer,10.244.1.4:8080,prometheus.scrape.annotated_pods,nimbusguard,consumer-789d764dc7-ssfgd,9b544ebc-ddf4-46da-a7c4-6ec9905f67d2
2025-07-12 05:52:28,0,kube_pod_container_status_restarts_total,consumer,10.244.1.4:8080,prometheus.scrape.annotated_pods,nimbusguard,consumer-789d764dc7-ssfgd,9b544ebc-ddf4-46da-a7c4-6ec9905f67d2
2025-07-12 05:53:28,0,kube_pod_container_status_restarts_total,consumer,10.244.1.4:8080,prometheus.scrape.annotated_pods,nimbusguard,consumer-789d764dc7-ssfgd,9b544ebc-ddf4-46da-a7c4-6ec9905f67d2
2025-07-12 05:54:28,0,kube_pod_container_status_restarts_total,consumer,10.244.1.4:8080,prometheus.scrape.annotated_pods,nimbusguard,consumer-789d764dc7-ssfgd,9b544ebc-ddf4-46da-a7c4-6ec9905f67d2
2025-07-12 05:55:28,0,kube_pod_container_status_restarts_total,consumer,10.244.1.4:8080,prometheus.scrape.annotated_pods,nimbusguard,consumer-789d764dc7-ssfgd,9b544ebc-ddf4-46da-a7c4-6ec9905f67d2
2025-07-12 05:56:28,0,kube_pod_container_status_restarts_total,consumer,10.244.1.4:8080,prometheus.scrape.annotated_pods,nimbusguard,consumer-789d764dc7-ssfgd,9b544ebc-ddf4-46da-a7c4-6ec9905f67d2
2025-07-12 05:57:28,0,kube_pod_container_status_restarts_total,consumer,10.244.1.4:8080,prometheus.scrape.annotated_pods,nimbusguard,consumer-789d764dc7-ssfgd,9b544ebc-ddf4-46da-a7c4-6ec9905f67d2
2025-07-12 05:58:28,0,kube_pod_container_status_restarts_total,consumer,10.244.1.4:8080,prometheus.scrape.annotated_pods,nimbusguard,consumer-789d764dc7-ssfgd,9b544ebc-ddf4-46da-a7c4-6ec9905f67d2
2025-07-12 05:59:28,0,kube_pod_container_status_restarts_total,consumer,10.244.1.4:8080,prometheus.scrape.annotated_pods,nimbusguard,consumer-789d764dc7-ssfgd,9b544ebc-ddf4-46da-a7c4-6ec9905f67d2
2025-07-12 06:00:28,0,kube_pod_container_status_restarts_total,consumer,10.244.1.4:8080,prometheus.scrape.annotated_pods,nimbusguard,consumer-789d764dc7-ssfgd,9b544ebc-ddf4-46da-a7c4-6ec9905f67d2
2025-07-12 06:01:28,0,kube_pod_container_status_restarts_total,consumer,10.244.1.4:8080,prometheus.scrape.annotated_pods,nimbusguard,consumer-789d764dc7-ssfgd,9b544ebc-ddf4-46da-a7c4-6ec9905f67d2
2025-07-12 06:02:28,0,kube_pod_container_status_restarts_total,consumer,10.244.1.4:8080,prometheus.scrape.annotated_pods,nimbusguard,consumer-789d764dc7-ssfgd,9b544ebc-ddf4-46da-a7c4-6ec9905f67d2
2025-07-12 06:03:28,0,kube_pod_container_status_restarts_total,consumer,10.244.1.4:8080,prometheus.scrape.annotated_pods,nimbusguard,consumer-789d764dc7-ssfgd,9b544ebc-ddf4-46da-a7c4-6ec9905f67d2
2025-07-12 06:04:28,0,kube_pod_container_status_restarts_total,consumer,10.244.1.4:8080,prometheus.scrape.annotated_pods,nimbusguard,consumer-789d764dc7-ssfgd,9b544ebc-ddf4-46da-a7c4-6ec9905f67d2
2025-07-12 06:05:28,0,kube_pod_container_status_restarts_total,consumer,10.244.1.4:8080,prometheus.scrape.annotated_pods,nimbusguard,consumer-789d764dc7-ssfgd,9b544ebc-ddf4-46da-a7c4-6ec9905f67d2
2025-07-12 06:06:28,0,kube_pod_container_status_restarts_total,consumer,10.244.1.4:8080,prometheus.scrape.annotated_pods,nimbusguard,consumer-789d764dc7-ssfgd,9b544ebc-ddf4-46da-a7c4-6ec9905f67d2
2025-07-12 05:58:28,0,kube_pod_container_status_restarts_total,consumer,10.244.1.4:8080,prometheus.scrape.annotated_pods,nimbusguard,consumer-789d764dc7-vfkbt,cd0342d7-dc5b-4746-ade6-390e6f35e183
2025-07-12 05:59:28,0,kube_pod_container_status_restarts_total,consumer,10.244.1.4:8080,prometheus.scrape.annotated_pods,nimbusguard,consumer-789d764dc7-vfkbt,cd0342d7-dc5b-4746-ade6-390e6f35e183
2025-07-12 05:51:28,0,kube_pod_container_status_restarts_total,consumer,10.244.1.4:8080,prometheus.scrape.annotated_pods,nimbusguard,consumer-789d764dc7-wbn7b,388bd065-ad6d-4814-be10-ab47b72073f8
2025-07-12 05:52:28,0,kube_pod_container_status_restarts_total,consumer,10.244.1.4:8080,prometheus.scrape.annotated_pods,nimbusguard,consumer-789d764dc7-wbn7b,388bd065-ad6d-4814-be10-ab47b72073f8
2025-07-12 05:53:28,0,kube_pod_container_status_restarts_total,consumer,10.244.1.4:8080,prometheus.scrape.annotated_pods,nimbusguard,consumer-789d764dc7-wbn7b,388bd065-ad6d-4814-be10-ab47b72073f8
2025-07-12 05:35:28,0,kube_pod_container_status_restarts_total,consumer,10.244.1.4:8080,prometheus.scrape.annotated_pods,nimbusguard,consumer-789d764dc7-x5nkb,d8232d91-77b6-4f19-8a0d-b6824f2fbd11
2025-07-12 05:36:28,0,kube_pod_container_status_restarts_total,consumer,10.244.1.4:8080,prometheus.scrape.annotated_pods,nimbusguard,consumer-789d764dc7-x5nkb,d8232d91-77b6-4f19-8a0d-b6824f2fbd11
2025-07-12 05:32:28,0,kube_pod_container_status_restarts_total,consumer,10.244.1.4:8080,prometheus.scrape.annotated_pods,nimbusguard,consumer-789d764dc7-xvtf9,6804db36-f6f5-4f8f-a929-7afa5f4213e6
2025-07-12 05:33:28,0,kube_pod_container_status_restarts_total,consumer,10.244.1.4:8080,prometheus.scrape.annotated_pods,nimbusguard,consumer-789d764dc7-xvtf9,6804db36-f6f5-4f8f-a929-7afa5f4213e6
2025-07-12 05:34:28,0,kube_pod_container_status_restarts_total,consumer,10.244.1.4:8080,prometheus.scrape.annotated_pods,nimbusguard,consumer-789d764dc7-xvtf9,6804db36-f6f5-4f8f-a929-7afa5f4213e6
2025-07-12 05:35:28,0,kube_pod_container_status_restarts_total,consumer,10.244.1.4:8080,prometheus.scrape.annotated_pods,nimbusguard,consumer-789d764dc7-xvtf9,6804db36-f6f5-4f8f-a929-7afa5f4213e6
2025-07-12 05:36:28,0,kube_pod_container_status_restarts_total,consumer,10.244.1.4:8080,prometheus.scrape.annotated_pods,nimbusguard,consumer-789d764dc7-xvtf9,6804db36-f6f5-4f8f-a929-7afa5f4213e6
2025-07-12 05:37:28,0,kube_pod_container_status_restarts_total,consumer,10.244.1.4:8080,prometheus.scrape.annotated_pods,nimbusguard,consumer-789d764dc7-xvtf9,6804db36-f6f5-4f8f-a929-7afa5f4213e6
2025-07-12 05:38:28,0,kube_pod_container_status_restarts_total,consumer,10.244.1.4:8080,prometheus.scrape.annotated_pods,nimbusguard,consumer-789d764dc7-xvtf9,6804db36-f6f5-4f8f-a929-7afa5f4213e6
2025-07-12 05:39:28,0,kube_pod_container_status_restarts_total,consumer,10.244.1.4:8080,prometheus.scrape.annotated_pods,nimbusguard,consumer-789d764dc7-xvtf9,6804db36-f6f5-4f8f-a929-7afa5f4213e6
2025-07-12 05:40:28,0,kube_pod_container_status_restarts_total,consumer,10.244.1.4:8080,prometheus.scrape.annotated_pods,nimbusguard,consumer-789d764dc7-xvtf9,6804db36-f6f5-4f8f-a929-7afa5f4213e6
2025-07-12 05:41:28,0,kube_pod_container_status_restarts_total,consumer,10.244.1.4:8080,prometheus.scrape.annotated_pods,nimbusguard,consumer-789d764dc7-xvtf9,6804db36-f6f5-4f8f-a929-7afa5f4213e6
2025-07-12 05:42:28,0,kube_pod_container_status_restarts_total,consumer,10.244.1.4:8080,prometheus.scrape.annotated_pods,nimbusguard,consumer-789d764dc7-xvtf9,6804db36-f6f5-4f8f-a929-7afa5f4213e6
2025-07-12 05:43:28,0,kube_pod_container_status_restarts_total,consumer,10.244.1.4:8080,prometheus.scrape.annotated_pods,nimbusguard,consumer-789d764dc7-xvtf9,6804db36-f6f5-4f8f-a929-7afa5f4213e6
2025-07-12 05:44:28,0,kube_pod_container_status_restarts_total,consumer,10.244.1.4:8080,prometheus.scrape.annotated_pods,nimbusguard,consumer-789d764dc7-xvtf9,6804db36-f6f5-4f8f-a929-7afa5f4213e6
2025-07-12 05:45:28,0,kube_pod_container_status_restarts_total,consumer,10.244.1.4:8080,prometheus.scrape.annotated_pods,nimbusguard,consumer-789d764dc7-xvtf9,6804db36-f6f5-4f8f-a929-7afa5f4213e6
2025-07-12 05:46:28,0,kube_pod_container_status_restarts_total,consumer,10.244.1.4:8080,prometheus.scrape.annotated_pods,nimbusguard,consumer-789d764dc7-xvtf9,6804db36-f6f5-4f8f-a929-7afa5f4213e6
2025-07-12 05:47:28,0,kube_pod_container_status_restarts_total,consumer,10.244.1.4:8080,prometheus.scrape.annotated_pods,nimbusguard,consumer-789d764dc7-xvtf9,6804db36-f6f5-4f8f-a929-7afa5f4213e6
2025-07-12 05:48:28,0,kube_pod_container_status_restarts_total,consumer,10.244.1.4:8080,prometheus.scrape.annotated_pods,nimbusguard,consumer-789d764dc7-xvtf9,6804db36-f6f5-4f8f-a929-7afa5f4213e6
2025-07-12 05:49:28,0,kube_pod_container_status_restarts_total,consumer,10.244.1.4:8080,prometheus.scrape.annotated_pods,nimbusguard,consumer-789d764dc7-xvtf9,6804db36-f6f5-4f8f-a929-7afa5f4213e6
2025-07-12 05:50:28,0,kube_pod_container_status_restarts_total,consumer,10.244.1.4:8080,prometheus.scrape.annotated_pods,nimbusguard,consumer-789d764dc7-xvtf9,6804db36-f6f5-4f8f-a929-7afa5f4213e6
2025-07-12 05:51:28,1,kube_pod_container_status_restarts_total,consumer,10.244.1.4:8080,prometheus.scrape.annotated_pods,nimbusguard,consumer-789d764dc7-xvtf9,6804db36-f6f5-4f8f-a929-7afa5f4213e6
2025-07-12 05:52:28,1,kube_pod_container_status_restarts_total,consumer,10.244.1.4:8080,prometheus.scrape.annotated_pods,nimbusguard,consumer-789d764dc7-xvtf9,6804db36-f6f5-4f8f-a929-7afa5f4213e6
2025-07-12 05:53:28,1,kube_pod_container_status_restarts_total,consumer,10.244.1.4:8080,prometheus.scrape.annotated_pods,nimbusguard,consumer-789d764dc7-xvtf9,6804db36-f6f5-4f8f-a929-7afa5f4213e6
2025-07-12 05:54:28,1,kube_pod_container_status_restarts_total,consumer,10.244.1.4:8080,prometheus.scrape.annotated_pods,nimbusguard,consumer-789d764dc7-xvtf9,6804db36-f6f5-4f8f-a929-7afa5f4213e6
2025-07-12 05:55:28,1,kube_pod_container_status_restarts_total,consumer,10.244.1.4:8080,prometheus.scrape.annotated_pods,nimbusguard,consumer-789d764dc7-xvtf9,6804db36-f6f5-4f8f-a929-7afa5f4213e6
2025-07-12 06:01:28,0,kube_pod_container_status_restarts_total,consumer,10.244.1.4:8080,prometheus.scrape.annotated_pods,nimbusguard,consumer-789d764dc7-zgmpm,d319b10e-5d04-46d2-8ae4-f59d903d4bcb
2025-07-12 05:34:28,0,kube_pod_container_status_restarts_total,consumer,kube-state-metrics.nimbusguard.svc:8080,prometheus.scrape.kube_state_metrics,nimbusguard,consumer-789d764dc7-26csl,50761b29-f974-4b27-acbf-49cf9d851b17
2025-07-12 05:35:28,0,kube_pod_container_status_restarts_total,consumer,kube-state-metrics.nimbusguard.svc:8080,prometheus.scrape.kube_state_metrics,nimbusguard,consumer-789d764dc7-26csl,50761b29-f974-4b27-acbf-49cf9d851b17
2025-07-12 05:36:28,0,kube_pod_container_status_restarts_total,consumer,kube-state-metrics.nimbusguard.svc:8080,prometheus.scrape.kube_state_metrics,nimbusguard,consumer-789d764dc7-26csl,50761b29-f974-4b27-acbf-49cf9d851b17
2025-07-12 05:37:28,0,kube_pod_container_status_restarts_total,consumer,kube-state-metrics.nimbusguard.svc:8080,prometheus.scrape.kube_state_metrics,nimbusguard,consumer-789d764dc7-26csl,50761b29-f974-4b27-acbf-49cf9d851b17
2025-07-12 05:38:28,0,kube_pod_container_status_restarts_total,consumer,kube-state-metrics.nimbusguard.svc:8080,prometheus.scrape.kube_state_metrics,nimbusguard,consumer-789d764dc7-26csl,50761b29-f974-4b27-acbf-49cf9d851b17
2025-07-12 05:39:28,0,kube_pod_container_status_restarts_total,consumer,kube-state-metrics.nimbusguard.svc:8080,prometheus.scrape.kube_state_metrics,nimbusguard,consumer-789d764dc7-26csl,50761b29-f974-4b27-acbf-49cf9d851b17
2025-07-12 05:40:28,0,kube_pod_container_status_restarts_total,consumer,kube-state-metrics.nimbusguard.svc:8080,prometheus.scrape.kube_state_metrics,nimbusguard,consumer-789d764dc7-26csl,50761b29-f974-4b27-acbf-49cf9d851b17
2025-07-12 05:41:28,0,kube_pod_container_status_restarts_total,consumer,kube-state-metrics.nimbusguard.svc:8080,prometheus.scrape.kube_state_metrics,nimbusguard,consumer-789d764dc7-26csl,50761b29-f974-4b27-acbf-49cf9d851b17
2025-07-12 06:04:28,0,kube_pod_container_status_restarts_total,consumer,kube-state-metrics.nimbusguard.svc:8080,prometheus.scrape.kube_state_metrics,nimbusguard,consumer-789d764dc7-4hq5l,3d0aa7ba-f66a-4d63-9bca-82cd2582832e
2025-07-12 05:57:28,0,kube_pod_container_status_restarts_total,consumer,kube-state-metrics.nimbusguard.svc:8080,prometheus.scrape.kube_state_metrics,nimbusguard,consumer-789d764dc7-4mdm2,75f27b24-f0a3-46f1-b7d2-fd6e6fc635a0
2025-07-12 05:58:28,0,kube_pod_container_status_restarts_total,consumer,kube-state-metrics.nimbusguard.svc:8080,prometheus.scrape.kube_state_metrics,nimbusguard,consumer-789d764dc7-4mdm2,75f27b24-f0a3-46f1-b7d2-fd6e6fc635a0
2025-07-12 05:59:28,0,kube_pod_container_status_restarts_total,consumer,kube-state-metrics.nimbusguard.svc:8080,prometheus.scrape.kube_state_metrics,nimbusguard,consumer-789d764dc7-4mdm2,75f27b24-f0a3-46f1-b7d2-fd6e6fc635a0
2025-07-12 05:58:28,0,kube_pod_container_status_restarts_total,consumer,kube-state-metrics.nimbusguard.svc:8080,prometheus.scrape.kube_state_metrics,nimbusguard,consumer-789d764dc7-587ll,8f48ec16-7e05-4715-8167-a8867bc0889b
2025-07-12 05:59:28,0,kube_pod_container_status_restarts_total,consumer,kube-state-metrics.nimbusguard.svc:8080,prometheus.scrape.kube_state_metrics,nimbusguard,consumer-789d764dc7-587ll,8f48ec16-7e05-4715-8167-a8867bc0889b
2025-07-12 05:57:28,0,kube_pod_container_status_restarts_total,consumer,kube-state-metrics.nimbusguard.svc:8080,prometheus.scrape.kube_state_metrics,nimbusguard,consumer-789d764dc7-7ksxz,ac50e40a-65c5-47e7-b92d-f71c8bb132f6
2025-07-12 05:58:28,0,kube_pod_container_status_restarts_total,consumer,kube-state-metrics.nimbusguard.svc:8080,prometheus.scrape.kube_state_metrics,nimbusguard,consumer-789d764dc7-7ksxz,ac50e40a-65c5-47e7-b92d-f71c8bb132f6
2025-07-12 05:59:28,0,kube_pod_container_status_restarts_total,consumer,kube-state-metrics.nimbusguard.svc:8080,prometheus.scrape.kube_state_metrics,nimbusguard,consumer-789d764dc7-7ksxz,ac50e40a-65c5-47e7-b92d-f71c8bb132f6
2025-07-12 05:51:28,0,kube_pod_container_status_restarts_total,consumer,kube-state-metrics.nimbusguard.svc:8080,prometheus.scrape.kube_state_metrics,nimbusguard,consumer-789d764dc7-7n5sz,8a1d1706-b63f-4d7d-a357-c7c1615f60bb
2025-07-12 05:52:28,0,kube_pod_container_status_restarts_total,consumer,kube-state-metrics.nimbusguard.svc:8080,prometheus.scrape.kube_state_metrics,nimbusguard,consumer-789d764dc7-7n5sz,8a1d1706-b63f-4d7d-a357-c7c1615f60bb
2025-07-12 05:53:28,0,kube_pod_container_status_restarts_total,consumer,kube-state-metrics.nimbusguard.svc:8080,prometheus.scrape.kube_state_metrics,nimbusguard,consumer-789d764dc7-7n5sz,8a1d1706-b63f-4d7d-a357-c7c1615f60bb
2025-07-12 05:54:28,0,kube_pod_container_status_restarts_total,consumer,kube-state-metrics.nimbusguard.svc:8080,prometheus.scrape.kube_state_metrics,nimbusguard,consumer-789d764dc7-7n5sz,8a1d1706-b63f-4d7d-a357-c7c1615f60bb
2025-07-12 05:55:28,0,kube_pod_container_status_restarts_total,consumer,kube-state-metrics.nimbusguard.svc:8080,prometheus.scrape.kube_state_metrics,nimbusguard,consumer-789d764dc7-7n5sz,8a1d1706-b63f-4d7d-a357-c7c1615f60bb
2025-07-12 05:56:28,0,kube_pod_container_status_restarts_total,consumer,kube-state-metrics.nimbusguard.svc:8080,prometheus.scrape.kube_state_metrics,nimbusguard,consumer-789d764dc7-7n5sz,8a1d1706-b63f-4d7d-a357-c7c1615f60bb
2025-07-12 05:34:28,0,kube_pod_container_status_restarts_total,consumer,kube-state-metrics.nimbusguard.svc:8080,prometheus.scrape.kube_state_metrics,nimbusguard,consumer-789d764dc7-8kd6r,e792044b-ddb7-4485-bf12-39f062f44752
2025-07-12 05:35:28,0,kube_pod_container_status_restarts_total,consumer,kube-state-metrics.nimbusguard.svc:8080,prometheus.scrape.kube_state_metrics,nimbusguard,consumer-789d764dc7-8kd6r,e792044b-ddb7-4485-bf12-39f062f44752
2025-07-12 05:36:28,0,kube_pod_container_status_restarts_total,consumer,kube-state-metrics.nimbusguard.svc:8080,prometheus.scrape.kube_state_metrics,nimbusguard,consumer-789d764dc7-8kd6r,e792044b-ddb7-4485-bf12-39f062f44752
2025-07-12 05:37:28,0,kube_pod_container_status_restarts_total,consumer,kube-state-metrics.nimbusguard.svc:8080,prometheus.scrape.kube_state_metrics,nimbusguard,consumer-789d764dc7-8kd6r,e792044b-ddb7-4485-bf12-39f062f44752
2025-07-12 05:38:28,0,kube_pod_container_status_restarts_total,consumer,kube-state-metrics.nimbusguard.svc:8080,prometheus.scrape.kube_state_metrics,nimbusguard,consumer-789d764dc7-8kd6r,e792044b-ddb7-4485-bf12-39f062f44752
2025-07-12 05:39:28,0,kube_pod_container_status_restarts_total,consumer,kube-state-metrics.nimbusguard.svc:8080,prometheus.scrape.kube_state_metrics,nimbusguard,consumer-789d764dc7-8kd6r,e792044b-ddb7-4485-bf12-39f062f44752
2025-07-12 05:40:28,0,kube_pod_container_status_restarts_total,consumer,kube-state-metrics.nimbusguard.svc:8080,prometheus.scrape.kube_state_metrics,nimbusguard,consumer-789d764dc7-8kd6r,e792044b-ddb7-4485-bf12-39f062f44752
2025-07-12 05:41:28,0,kube_pod_container_status_restarts_total,consumer,kube-state-metrics.nimbusguard.svc:8080,prometheus.scrape.kube_state_metrics,nimbusguard,consumer-789d764dc7-8kd6r,e792044b-ddb7-4485-bf12-39f062f44752
2025-07-12 05:42:28,0,kube_pod_container_status_restarts_total,consumer,kube-state-metrics.nimbusguard.svc:8080,prometheus.scrape.kube_state_metrics,nimbusguard,consumer-789d764dc7-8kd6r,e792044b-ddb7-4485-bf12-39f062f44752
2025-07-12 05:33:28,0,kube_pod_container_status_restarts_total,consumer,kube-state-metrics.nimbusguard.svc:8080,prometheus.scrape.kube_state_metrics,nimbusguard,consumer-789d764dc7-94l54,8a1f21b4-cc56-4d94-98de-b1feff5c4b88
2025-07-12 05:34:28,0,kube_pod_container_status_restarts_total,consumer,kube-state-metrics.nimbusguard.svc:8080,prometheus.scrape.kube_state_metrics,nimbusguard,consumer-789d764dc7-94l54,8a1f21b4-cc56-4d94-98de-b1feff5c4b88
2025-07-12 05:35:28,0,kube_pod_container_status_restarts_total,consumer,kube-state-metrics.nimbusguard.svc:8080,prometheus.scrape.kube_state_metrics,nimbusguard,consumer-789d764dc7-94l54,8a1f21b4-cc56-4d94-98de-b1feff5c4b88
2025-07-12 05:36:28,0,kube_pod_container_status_restarts_total,consumer,kube-state-metrics.nimbusguard.svc:8080,prometheus.scrape.kube_state_metrics,nimbusguard,consumer-789d764dc7-94l54,8a1f21b4-cc56-4d94-98de-b1feff5c4b88
2025-07-12 05:37:28,0,kube_pod_container_status_restarts_total,consumer,kube-state-metrics.nimbusguard.svc:8080,prometheus.scrape.kube_state_metrics,nimbusguard,consumer-789d764dc7-94l54,8a1f21b4-cc56-4d94-98de-b1feff5c4b88
2025-07-12 05:38:28,0,kube_pod_container_status_restarts_total,consumer,kube-state-metrics.nimbusguard.svc:8080,prometheus.scrape.kube_state_metrics,nimbusguard,consumer-789d764dc7-94l54,8a1f21b4-cc56-4d94-98de-b1feff5c4b88
2025-07-12 05:39:28,0,kube_pod_container_status_restarts_total,consumer,kube-state-metrics.nimbusguard.svc:8080,prometheus.scrape.kube_state_metrics,nimbusguard,consumer-789d764dc7-94l54,8a1f21b4-cc56-4d94-98de-b1feff5c4b88
2025-07-12 05:40:28,0,kube_pod_container_status_restarts_total,consumer,kube-state-metrics.nimbusguard.svc:8080,prometheus.scrape.kube_state_metrics,nimbusguard,consumer-789d764dc7-94l54,8a1f21b4-cc56-4d94-98de-b1feff5c4b88
2025-07-12 05:41:28,0,kube_pod_container_status_restarts_total,consumer,kube-state-metrics.nimbusguard.svc:8080,prometheus.scrape.kube_state_metrics,nimbusguard,consumer-789d764dc7-94l54,8a1f21b4-cc56-4d94-98de-b1feff5c4b88
2025-07-12 05:42:28,0,kube_pod_container_status_restarts_total,consumer,kube-state-metrics.nimbusguard.svc:8080,prometheus.scrape.kube_state_metrics,nimbusguard,consumer-789d764dc7-94l54,8a1f21b4-cc56-4d94-98de-b1feff5c4b88
2025-07-12 05:43:28,0,kube_pod_container_status_restarts_total,consumer,kube-state-metrics.nimbusguard.svc:8080,prometheus.scrape.kube_state_metrics,nimbusguard,consumer-789d764dc7-94l54,8a1f21b4-cc56-4d94-98de-b1feff5c4b88
2025-07-12 05:44:28,0,kube_pod_container_status_restarts_total,consumer,kube-state-metrics.nimbusguard.svc:8080,prometheus.scrape.kube_state_metrics,nimbusguard,consumer-789d764dc7-94l54,8a1f21b4-cc56-4d94-98de-b1feff5c4b88
2025-07-12 05:45:28,0,kube_pod_container_status_restarts_total,consumer,kube-state-metrics.nimbusguard.svc:8080,prometheus.scrape.kube_state_metrics,nimbusguard,consumer-789d764dc7-94l54,8a1f21b4-cc56-4d94-98de-b1feff5c4b88
2025-07-12 05:49:28,0,kube_pod_container_status_restarts_total,consumer,kube-state-metrics.nimbusguard.svc:8080,prometheus.scrape.kube_state_metrics,nimbusguard,consumer-789d764dc7-957gw,2a7dd7b5-7e62-4c6a-ac30-31fcf59365b3
2025-07-12 05:50:28,0,kube_pod_container_status_restarts_total,consumer,kube-state-metrics.nimbusguard.svc:8080,prometheus.scrape.kube_state_metrics,nimbusguard,consumer-789d764dc7-957gw,2a7dd7b5-7e62-4c6a-ac30-31fcf59365b3
2025-07-12 05:51:28,0,kube_pod_container_status_restarts_total,consumer,kube-state-metrics.nimbusguard.svc:8080,prometheus.scrape.kube_state_metrics,nimbusguard,consumer-789d764dc7-957gw,2a7dd7b5-7e62-4c6a-ac30-31fcf59365b3
2025-07-12 05:52:28,0,kube_pod_container_status_restarts_total,consumer,kube-state-metrics.nimbusguard.svc:8080,prometheus.scrape.kube_state_metrics,nimbusguard,consumer-789d764dc7-957gw,2a7dd7b5-7e62-4c6a-ac30-31fcf59365b3
2025-07-12 05:53:28,0,kube_pod_container_status_restarts_total,consumer,kube-state-metrics.nimbusguard.svc:8080,prometheus.scrape.kube_state_metrics,nimbusguard,consumer-789d764dc7-957gw,2a7dd7b5-7e62-4c6a-ac30-31fcf59365b3
2025-07-12 05:54:28,0,kube_pod_container_status_restarts_total,consumer,kube-state-metrics.nimbusguard.svc:8080,prometheus.scrape.kube_state_metrics,nimbusguard,consumer-789d764dc7-957gw,2a7dd7b5-7e62-4c6a-ac30-31fcf59365b3
2025-07-12 05:55:28,0,kube_pod_container_status_restarts_total,consumer,kube-state-metrics.nimbusguard.svc:8080,prometheus.scrape.kube_state_metrics,nimbusguard,consumer-789d764dc7-957gw,2a7dd7b5-7e62-4c6a-ac30-31fcf59365b3
2025-07-12 06:05:28,0,kube_pod_container_status_restarts_total,consumer,kube-state-metrics.nimbusguard.svc:8080,prometheus.scrape.kube_state_metrics,nimbusguard,consumer-789d764dc7-b8hsj,be277ebd-ed5a-493f-ae4f-13ae9d2b038a
2025-07-12 05:33:28,0,kube_pod_container_status_restarts_total,consumer,kube-state-metrics.nimbusguard.svc:8080,prometheus.scrape.kube_state_metrics,nimbusguard,consumer-789d764dc7-cqjp9,6c791129-86df-421d-a2b7-60bbc4487d11
2025-07-12 05:34:28,0,kube_pod_container_status_restarts_total,consumer,kube-state-metrics.nimbusguard.svc:8080,prometheus.scrape.kube_state_metrics,nimbusguard,consumer-789d764dc7-cqjp9,6c791129-86df-421d-a2b7-60bbc4487d11
2025-07-12 05:35:28,0,kube_pod_container_status_restarts_total,consumer,kube-state-metrics.nimbusguard.svc:8080,prometheus.scrape.kube_state_metrics,nimbusguard,consumer-789d764dc7-cqjp9,6c791129-86df-421d-a2b7-60bbc4487d11
2025-07-12 05:36:28,0,kube_pod_container_status_restarts_total,consumer,kube-state-metrics.nimbusguard.svc:8080,prometheus.scrape.kube_state_metrics,nimbusguard,consumer-789d764dc7-cqjp9,6c791129-86df-421d-a2b7-60bbc4487d11
2025-07-12 05:37:28,0,kube_pod_container_status_restarts_total,consumer,kube-state-metrics.nimbusguard.svc:8080,prometheus.scrape.kube_state_metrics,nimbusguard,consumer-789d764dc7-cqjp9,6c791129-86df-421d-a2b7-60bbc4487d11
2025-07-12 05:38:28,0,kube_pod_container_status_restarts_total,consumer,kube-state-metrics.nimbusguard.svc:8080,prometheus.scrape.kube_state_metrics,nimbusguard,consumer-789d764dc7-cqjp9,6c791129-86df-421d-a2b7-60bbc4487d11
2025-07-12 05:39:28,0,kube_pod_container_status_restarts_total,consumer,kube-state-metrics.nimbusguard.svc:8080,prometheus.scrape.kube_state_metrics,nimbusguard,consumer-789d764dc7-cqjp9,6c791129-86df-421d-a2b7-60bbc4487d11
2025-07-12 05:40:28,0,kube_pod_container_status_restarts_total,consumer,kube-state-metrics.nimbusguard.svc:8080,prometheus.scrape.kube_state_metrics,nimbusguard,consumer-789d764dc7-cqjp9,6c791129-86df-421d-a2b7-60bbc4487d11
2025-07-12 05:41:28,0,kube_pod_container_status_restarts_total,consumer,kube-state-metrics.nimbusguard.svc:8080,prometheus.scrape.kube_state_metrics,nimbusguard,consumer-789d764dc7-cqjp9,6c791129-86df-421d-a2b7-60bbc4487d11
2025-07-12 05:42:28,0,kube_pod_container_status_restarts_total,consumer,kube-state-metrics.nimbusguard.svc:8080,prometheus.scrape.kube_state_metrics,nimbusguard,consumer-789d764dc7-cqjp9,6c791129-86df-421d-a2b7-60bbc4487d11
2025-07-12 05:43:28,0,kube_pod_container_status_restarts_total,consumer,kube-state-metrics.nimbusguard.svc:8080,prometheus.scrape.kube_state_metrics,nimbusguard,consumer-789d764dc7-cqjp9,6c791129-86df-421d-a2b7-60bbc4487d11
2025-07-12 05:44:28,0,kube_pod_container_status_restarts_total,consumer,kube-state-metrics.nimbusguard.svc:8080,prometheus.scrape.kube_state_metrics,nimbusguard,consumer-789d764dc7-cqjp9,6c791129-86df-421d-a2b7-60bbc4487d11
2025-07-12 05:45:28,1,kube_pod_container_status_restarts_total,consumer,kube-state-metrics.nimbusguard.svc:8080,prometheus.scrape.kube_state_metrics,nimbusguard,consumer-789d764dc7-cqjp9,6c791129-86df-421d-a2b7-60bbc4487d11
2025-07-12 05:46:28,1,kube_pod_container_status_restarts_total,consumer,kube-state-metrics.nimbusguard.svc:8080,prometheus.scrape.kube_state_metrics,nimbusguard,consumer-789d764dc7-cqjp9,6c791129-86df-421d-a2b7-60bbc4487d11
2025-07-12 05:47:28,1,kube_pod_container_status_restarts_total,consumer,kube-state-metrics.nimbusguard.svc:8080,prometheus.scrape.kube_state_metrics,nimbusguard,consumer-789d764dc7-cqjp9,6c791129-86df-421d-a2b7-60bbc4487d11
2025-07-12 05:48:28,1,kube_pod_container_status_restarts_total,consumer,kube-state-metrics.nimbusguard.svc:8080,prometheus.scrape.kube_state_metrics,nimbusguard,consumer-789d764dc7-cqjp9,6c791129-86df-421d-a2b7-60bbc4487d11
2025-07-12 05:57:28,0,kube_pod_container_status_restarts_total,consumer,kube-state-metrics.nimbusguard.svc:8080,prometheus.scrape.kube_state_metrics,nimbusguard,consumer-789d764dc7-dd8fp,bb6bdaa7-32e5-45a3-94c4-62d7109a8b6a
2025-07-12 05:58:28,0,kube_pod_container_status_restarts_total,consumer,kube-state-metrics.nimbusguard.svc:8080,prometheus.scrape.kube_state_metrics,nimbusguard,consumer-789d764dc7-dd8fp,bb6bdaa7-32e5-45a3-94c4-62d7109a8b6a
2025-07-12 05:59:28,0,kube_pod_container_status_restarts_total,consumer,kube-state-metrics.nimbusguard.svc:8080,prometheus.scrape.kube_state_metrics,nimbusguard,consumer-789d764dc7-dd8fp,bb6bdaa7-32e5-45a3-94c4-62d7109a8b6a
2025-07-12 06:00:28,0,kube_pod_container_status_restarts_total,consumer,kube-state-metrics.nimbusguard.svc:8080,prometheus.scrape.kube_state_metrics,nimbusguard,consumer-789d764dc7-dd8fp,bb6bdaa7-32e5-45a3-94c4-62d7109a8b6a
2025-07-12 06:01:28,0,kube_pod_container_status_restarts_total,consumer,kube-state-metrics.nimbusguard.svc:8080,prometheus.scrape.kube_state_metrics,nimbusguard,consumer-789d764dc7-dd8fp,bb6bdaa7-32e5-45a3-94c4-62d7109a8b6a
2025-07-12 05:44:28,0,kube_pod_container_status_restarts_total,consumer,kube-state-metrics.nimbusguard.svc:8080,prometheus.scrape.kube_state_metrics,nimbusguard,consumer-789d764dc7-fcjvr,4cc48bcc-9f20-4589-b7b2-e0f38b9c6837
2025-07-12 05:45:28,0,kube_pod_container_status_restarts_total,consumer,kube-state-metrics.nimbusguard.svc:8080,prometheus.scrape.kube_state_metrics,nimbusguard,consumer-789d764dc7-fcjvr,4cc48bcc-9f20-4589-b7b2-e0f38b9c6837
2025-07-12 05:46:28,0,kube_pod_container_status_restarts_total,consumer,kube-state-metrics.nimbusguard.svc:8080,prometheus.scrape.kube_state_metrics,nimbusguard,consumer-789d764dc7-fcjvr,4cc48bcc-9f20-4589-b7b2-e0f38b9c6837
2025-07-12 05:47:28,0,kube_pod_container_status_restarts_total,consumer,kube-state-metrics.nimbusguard.svc:8080,prometheus.scrape.kube_state_metrics,nimbusguard,consumer-789d764dc7-fcjvr,4cc48bcc-9f20-4589-b7b2-e0f38b9c6837
2025-07-12 05:30:28,0,kube_pod_container_status_restarts_total,consumer,kube-state-metrics.nimbusguard.svc:8080,prometheus.scrape.kube_state_metrics,nimbusguard,consumer-789d764dc7-gqx9c,aaca8505-14c2-42e6-b996-6461d36bf484
2025-07-12 05:31:28,0,kube_pod_container_status_restarts_total,consumer,kube-state-metrics.nimbusguard.svc:8080,prometheus.scrape.kube_state_metrics,nimbusguard,consumer-789d764dc7-gqx9c,aaca8505-14c2-42e6-b996-6461d36bf484
2025-07-12 05:32:28,0,kube_pod_container_status_restarts_total,consumer,kube-state-metrics.nimbusguard.svc:8080,prometheus.scrape.kube_state_metrics,nimbusguard,consumer-789d764dc7-gqx9c,aaca8505-14c2-42e6-b996-6461d36bf484
2025-07-12 05:33:28,0,kube_pod_container_status_restarts_total,consumer,kube-state-metrics.nimbusguard.svc:8080,prometheus.scrape.kube_state_metrics,nimbusguard,consumer-789d764dc7-gqx9c,aaca8505-14c2-42e6-b996-6461d36bf484
2025-07-12 05:34:28,0,kube_pod_container_status_restarts_total,consumer,kube-state-metrics.nimbusguard.svc:8080,prometheus.scrape.kube_state_metrics,nimbusguard,consumer-789d764dc7-gqx9c,aaca8505-14c2-42e6-b996-6461d36bf484
2025-07-12 05:35:28,0,kube_pod_container_status_restarts_total,consumer,kube-state-metrics.nimbusguard.svc:8080,prometheus.scrape.kube_state_metrics,nimbusguard,consumer-789d764dc7-gqx9c,aaca8505-14c2-42e6-b996-6461d36bf484
2025-07-12 05:36:28,0,kube_pod_container_status_restarts_total,consumer,kube-state-metrics.nimbusguard.svc:8080,prometheus.scrape.kube_state_metrics,nimbusguard,consumer-789d764dc7-gqx9c,aaca8505-14c2-42e6-b996-6461d36bf484
2025-07-12 05:37:28,0,kube_pod_container_status_restarts_total,consumer,kube-state-metrics.nimbusguard.svc:8080,prometheus.scrape.kube_state_metrics,nimbusguard,consumer-789d764dc7-gqx9c,aaca8505-14c2-42e6-b996-6461d36bf484
2025-07-12 05:38:28,0,kube_pod_container_status_restarts_total,consumer,kube-state-metrics.nimbusguard.svc:8080,prometheus.scrape.kube_state_metrics,nimbusguard,consumer-789d764dc7-gqx9c,aaca8505-14c2-42e6-b996-6461d36bf484
2025-07-12 05:39:28,0,kube_pod_container_status_restarts_total,consumer,kube-state-metrics.nimbusguard.svc:8080,prometheus.scrape.kube_state_metrics,nimbusguard,consumer-789d764dc7-gqx9c,aaca8505-14c2-42e6-b996-6461d36bf484
2025-07-12 05:40:28,0,kube_pod_container_status_restarts_total,consumer,kube-state-metrics.nimbusguard.svc:8080,prometheus.scrape.kube_state_metrics,nimbusguard,consumer-789d764dc7-gqx9c,aaca8505-14c2-42e6-b996-6461d36bf484
2025-07-12 05:41:28,0,kube_pod_container_status_restarts_total,consumer,kube-state-metrics.nimbusguard.svc:8080,prometheus.scrape.kube_state_metrics,nimbusguard,consumer-789d764dc7-gqx9c,aaca8505-14c2-42e6-b996-6461d36bf484
2025-07-12 05:42:28,0,kube_pod_container_status_restarts_total,consumer,kube-state-metrics.nimbusguard.svc:8080,prometheus.scrape.kube_state_metrics,nimbusguard,consumer-789d764dc7-gqx9c,aaca8505-14c2-42e6-b996-6461d36bf484
2025-07-12 05:43:28,0,kube_pod_container_status_restarts_total,consumer,kube-state-metrics.nimbusguard.svc:8080,prometheus.scrape.kube_state_metrics,nimbusguard,consumer-789d764dc7-gqx9c,aaca8505-14c2-42e6-b996-6461d36bf484
2025-07-12 05:44:28,0,kube_pod_container_status_restarts_total,consumer,kube-state-metrics.nimbusguard.svc:8080,prometheus.scrape.kube_state_metrics,nimbusguard,consumer-789d764dc7-gqx9c,aaca8505-14c2-42e6-b996-6461d36bf484
2025-07-12 05:45:28,0,kube_pod_container_status_restarts_total,consumer,kube-state-metrics.nimbusguard.svc:8080,prometheus.scrape.kube_state_metrics,nimbusguard,consumer-789d764dc7-gqx9c,aaca8505-14c2-42e6-b996-6461d36bf484
2025-07-12 05:46:28,0,kube_pod_container_status_restarts_total,consumer,kube-state-metrics.nimbusguard.svc:8080,prometheus.scrape.kube_state_metrics,nimbusguard,consumer-789d764dc7-gqx9c,aaca8505-14c2-42e6-b996-6461d36bf484
2025-07-12 05:47:28,0,kube_pod_container_status_restarts_total,consumer,kube-state-metrics.nimbusguard.svc:8080,prometheus.scrape.kube_state_metrics,nimbusguard,consumer-789d764dc7-gqx9c,aaca8505-14c2-42e6-b996-6461d36bf484
2025-07-12 05:48:28,0,kube_pod_container_status_restarts_total,consumer,kube-state-metrics.nimbusguard.svc:8080,prometheus.scrape.kube_state_metrics,nimbusguard,consumer-789d764dc7-gqx9c,aaca8505-14c2-42e6-b996-6461d36bf484
2025-07-12 05:49:28,0,kube_pod_container_status_restarts_total,consumer,kube-state-metrics.nimbusguard.svc:8080,prometheus.scrape.kube_state_metrics,nimbusguard,consumer-789d764dc7-gqx9c,aaca8505-14c2-42e6-b996-6461d36bf484
2025-07-12 05:50:28,0,kube_pod_container_status_restarts_total,consumer,kube-state-metrics.nimbusguard.svc:8080,prometheus.scrape.kube_state_metrics,nimbusguard,consumer-789d764dc7-gqx9c,aaca8505-14c2-42e6-b996-6461d36bf484
2025-07-12 05:51:28,0,kube_pod_container_status_restarts_total,consumer,kube-state-metrics.nimbusguard.svc:8080,prometheus.scrape.kube_state_metrics,nimbusguard,consumer-789d764dc7-gqx9c,aaca8505-14c2-42e6-b996-6461d36bf484
2025-07-12 05:52:28,0,kube_pod_container_status_restarts_total,consumer,kube-state-metrics.nimbusguard.svc:8080,prometheus.scrape.kube_state_metrics,nimbusguard,consumer-789d764dc7-gqx9c,aaca8505-14c2-42e6-b996-6461d36bf484
2025-07-12 05:53:28,0,kube_pod_container_status_restarts_total,consumer,kube-state-metrics.nimbusguard.svc:8080,prometheus.scrape.kube_state_metrics,nimbusguard,consumer-789d764dc7-gqx9c,aaca8505-14c2-42e6-b996-6461d36bf484
2025-07-12 05:54:28,0,kube_pod_container_status_restarts_total,consumer,kube-state-metrics.nimbusguard.svc:8080,prometheus.scrape.kube_state_metrics,nimbusguard,consumer-789d764dc7-gqx9c,aaca8505-14c2-42e6-b996-6461d36bf484
2025-07-12 05:55:28,0,kube_pod_container_status_restarts_total,consumer,kube-state-metrics.nimbusguard.svc:8080,prometheus.scrape.kube_state_metrics,nimbusguard,consumer-789d764dc7-gqx9c,aaca8505-14c2-42e6-b996-6461d36bf484
2025-07-12 05:56:28,0,kube_pod_container_status_restarts_total,consumer,kube-state-metrics.nimbusguard.svc:8080,prometheus.scrape.kube_state_metrics,nimbusguard,consumer-789d764dc7-gqx9c,aaca8505-14c2-42e6-b996-6461d36bf484
2025-07-12 05:57:28,0,kube_pod_container_status_restarts_total,consumer,kube-state-metrics.nimbusguard.svc:8080,prometheus.scrape.kube_state_metrics,nimbusguard,consumer-789d764dc7-gqx9c,aaca8505-14c2-42e6-b996-6461d36bf484
2025-07-12 05:58:28,0,kube_pod_container_status_restarts_total,consumer,kube-state-metrics.nimbusguard.svc:8080,prometheus.scrape.kube_state_metrics,nimbusguard,consumer-789d764dc7-gqx9c,aaca8505-14c2-42e6-b996-6461d36bf484
2025-07-12 05:59:28,0,kube_pod_container_status_restarts_total,consumer,kube-state-metrics.nimbusguard.svc:8080,prometheus.scrape.kube_state_metrics,nimbusguard,consumer-789d764dc7-gqx9c,aaca8505-14c2-42e6-b996-6461d36bf484
2025-07-12 06:00:28,0,kube_pod_container_status_restarts_total,consumer,kube-state-metrics.nimbusguard.svc:8080,prometheus.scrape.kube_state_metrics,nimbusguard,consumer-789d764dc7-gqx9c,aaca8505-14c2-42e6-b996-6461d36bf484
2025-07-12 06:01:28,0,kube_pod_container_status_restarts_total,consumer,kube-state-metrics.nimbusguard.svc:8080,prometheus.scrape.kube_state_metrics,nimbusguard,consumer-789d764dc7-gqx9c,aaca8505-14c2-42e6-b996-6461d36bf484
2025-07-12 06:02:28,0,kube_pod_container_status_restarts_total,consumer,kube-state-metrics.nimbusguard.svc:8080,prometheus.scrape.kube_state_metrics,nimbusguard,consumer-789d764dc7-gqx9c,aaca8505-14c2-42e6-b996-6461d36bf484
2025-07-12 06:03:28,0,kube_pod_container_status_restarts_total,consumer,kube-state-metrics.nimbusguard.svc:8080,prometheus.scrape.kube_state_metrics,nimbusguard,consumer-789d764dc7-gqx9c,aaca8505-14c2-42e6-b996-6461d36bf484
2025-07-12 06:04:28,0,kube_pod_container_status_restarts_total,consumer,kube-state-metrics.nimbusguard.svc:8080,prometheus.scrape.kube_state_metrics,nimbusguard,consumer-789d764dc7-gqx9c,aaca8505-14c2-42e6-b996-6461d36bf484
2025-07-12 06:05:28,0,kube_pod_container_status_restarts_total,consumer,kube-state-metrics.nimbusguard.svc:8080,prometheus.scrape.kube_state_metrics,nimbusguard,consumer-789d764dc7-gqx9c,aaca8505-14c2-42e6-b996-6461d36bf484
2025-07-12 06:06:28,0,kube_pod_container_status_restarts_total,consumer,kube-state-metrics.nimbusguard.svc:8080,prometheus.scrape.kube_state_metrics,nimbusguard,consumer-789d764dc7-gqx9c,aaca8505-14c2-42e6-b996-6461d36bf484
2025-07-12 06:07:28,0,kube_pod_container_status_restarts_total,consumer,kube-state-metrics.nimbusguard.svc:8080,prometheus.scrape.kube_state_metrics,nimbusguard,consumer-789d764dc7-gqx9c,aaca8505-14c2-42e6-b996-6461d36bf484
2025-07-12 06:08:28,0,kube_pod_container_status_restarts_total,consumer,kube-state-metrics.nimbusguard.svc:8080,prometheus.scrape.kube_state_metrics,nimbusguard,consumer-789d764dc7-gqx9c,aaca8505-14c2-42e6-b996-6461d36bf484
2025-07-12 06:09:28,0,kube_pod_container_status_restarts_total,consumer,kube-state-metrics.nimbusguard.svc:8080,prometheus.scrape.kube_state_metrics,nimbusguard,consumer-789d764dc7-gqx9c,aaca8505-14c2-42e6-b996-6461d36bf484
2025-07-12 06:10:28,0,kube_pod_container_status_restarts_total,consumer,kube-state-metrics.nimbusguard.svc:8080,prometheus.scrape.kube_state_metrics,nimbusguard,consumer-789d764dc7-gqx9c,aaca8505-14c2-42e6-b996-6461d36bf484
2025-07-12 06:11:28,0,kube_pod_container_status_restarts_total,consumer,kube-state-metrics.nimbusguard.svc:8080,prometheus.scrape.kube_state_metrics,nimbusguard,consumer-789d764dc7-gqx9c,aaca8505-14c2-42e6-b996-6461d36bf484
2025-07-12 06:12:28,0,kube_pod_container_status_restarts_total,consumer,kube-state-metrics.nimbusguard.svc:8080,prometheus.scrape.kube_state_metrics,nimbusguard,consumer-789d764dc7-gqx9c,aaca8505-14c2-42e6-b996-6461d36bf484
2025-07-12 06:13:28,0,kube_pod_container_status_restarts_total,consumer,kube-state-metrics.nimbusguard.svc:8080,prometheus.scrape.kube_state_metrics,nimbusguard,consumer-789d764dc7-gqx9c,aaca8505-14c2-42e6-b996-6461d36bf484
2025-07-12 05:55:28,0,kube_pod_container_status_restarts_total,consumer,kube-state-metrics.nimbusguard.svc:8080,prometheus.scrape.kube_state_metrics,nimbusguard,consumer-789d764dc7-hn29t,040846cf-abe3-43dd-aff3-5ade138f6030
2025-07-12 05:59:28,0,kube_pod_container_status_restarts_total,consumer,kube-state-metrics.nimbusguard.svc:8080,prometheus.scrape.kube_state_metrics,nimbusguard,consumer-789d764dc7-j2sp9,6621df06-73d9-495d-874b-1d8bec5ab9cc
2025-07-12 05:34:28,0,kube_pod_container_status_restarts_total,consumer,kube-state-metrics.nimbusguard.svc:8080,prometheus.scrape.kube_state_metrics,nimbusguard,consumer-789d764dc7-jprlm,1d57b347-a7d9-480e-b1b4-e53f8d2257b4
2025-07-12 05:35:28,0,kube_pod_container_status_restarts_total,consumer,kube-state-metrics.nimbusguard.svc:8080,prometheus.scrape.kube_state_metrics,nimbusguard,consumer-789d764dc7-jprlm,1d57b347-a7d9-480e-b1b4-e53f8d2257b4
2025-07-12 05:36:28,0,kube_pod_container_status_restarts_total,consumer,kube-state-metrics.nimbusguard.svc:8080,prometheus.scrape.kube_state_metrics,nimbusguard,consumer-789d764dc7-jprlm,1d57b347-a7d9-480e-b1b4-e53f8d2257b4
2025-07-12 05:37:28,0,kube_pod_container_status_restarts_total,consumer,kube-state-metrics.nimbusguard.svc:8080,prometheus.scrape.kube_state_metrics,nimbusguard,consumer-789d764dc7-jprlm,1d57b347-a7d9-480e-b1b4-e53f8d2257b4
2025-07-12 05:38:28,0,kube_pod_container_status_restarts_total,consumer,kube-state-metrics.nimbusguard.svc:8080,prometheus.scrape.kube_state_metrics,nimbusguard,consumer-789d764dc7-jprlm,1d57b347-a7d9-480e-b1b4-e53f8d2257b4
2025-07-12 05:39:28,0,kube_pod_container_status_restarts_total,consumer,kube-state-metrics.nimbusguard.svc:8080,prometheus.scrape.kube_state_metrics,nimbusguard,consumer-789d764dc7-jprlm,1d57b347-a7d9-480e-b1b4-e53f8d2257b4
2025-07-12 05:40:28,0,kube_pod_container_status_restarts_total,consumer,kube-state-metrics.nimbusguard.svc:8080,prometheus.scrape.kube_state_metrics,nimbusguard,consumer-789d764dc7-jprlm,1d57b347-a7d9-480e-b1b4-e53f8d2257b4
2025-07-12 05:41:28,0,kube_pod_container_status_restarts_total,consumer,kube-state-metrics.nimbusguard.svc:8080,prometheus.scrape.kube_state_metrics,nimbusguard,consumer-789d764dc7-jprlm,1d57b347-a7d9-480e-b1b4-e53f8d2257b4
2025-07-12 05:51:28,0,kube_pod_container_status_restarts_total,consumer,kube-state-metrics.nimbusguard.svc:8080,prometheus.scrape.kube_state_metrics,nimbusguard,consumer-789d764dc7-lrvts,464717e5-db17-4bd2-9ba9-6ec0ed68f57d
2025-07-12 05:52:28,0,kube_pod_container_status_restarts_total,consumer,kube-state-metrics.nimbusguard.svc:8080,prometheus.scrape.kube_state_metrics,nimbusguard,consumer-789d764dc7-lrvts,464717e5-db17-4bd2-9ba9-6ec0ed68f57d
2025-07-12 05:53:28,0,kube_pod_container_status_restarts_total,consumer,kube-state-metrics.nimbusguard.svc:8080,prometheus.scrape.kube_state_metrics,nimbusguard,consumer-789d764dc7-lrvts,464717e5-db17-4bd2-9ba9-6ec0ed68f57d
2025-07-12 05:54:28,0,kube_pod_container_status_restarts_total,consumer,kube-state-metrics.nimbusguard.svc:8080,prometheus.scrape.kube_state_metrics,nimbusguard,consumer-789d764dc7-lrvts,464717e5-db17-4bd2-9ba9-6ec0ed68f57d
2025-07-12 05:32:28,0,kube_pod_container_status_restarts_total,consumer,kube-state-metrics.nimbusguard.svc:8080,prometheus.scrape.kube_state_metrics,nimbusguard,consumer-789d764dc7-m6pn9,275cc098-7bd6-4e36-afb7-63d7b33372c8
2025-07-12 05:33:28,0,kube_pod_container_status_restarts_total,consumer,kube-state-metrics.nimbusguard.svc:8080,prometheus.scrape.kube_state_metrics,nimbusguard,consumer-789d764dc7-m6pn9,275cc098-7bd6-4e36-afb7-63d7b33372c8
2025-07-12 05:34:28,0,kube_pod_container_status_restarts_total,consumer,kube-state-metrics.nimbusguard.svc:8080,prometheus.scrape.kube_state_metrics,nimbusguard,consumer-789d764dc7-m6pn9,275cc098-7bd6-4e36-afb7-63d7b33372c8
2025-07-12 05:35:28,0,kube_pod_container_status_restarts_total,consumer,kube-state-metrics.nimbusguard.svc:8080,prometheus.scrape.kube_state_metrics,nimbusguard,consumer-789d764dc7-m6pn9,275cc098-7bd6-4e36-afb7-63d7b33372c8
2025-07-12 05:36:28,0,kube_pod_container_status_restarts_total,consumer,kube-state-metrics.nimbusguard.svc:8080,prometheus.scrape.kube_state_metrics,nimbusguard,consumer-789d764dc7-m6pn9,275cc098-7bd6-4e36-afb7-63d7b33372c8
2025-07-12 05:37:28,0,kube_pod_container_status_restarts_total,consumer,kube-state-metrics.nimbusguard.svc:8080,prometheus.scrape.kube_state_metrics,nimbusguard,consumer-789d764dc7-m6pn9,275cc098-7bd6-4e36-afb7-63d7b33372c8
2025-07-12 05:38:28,0,kube_pod_container_status_restarts_total,consumer,kube-state-metrics.nimbusguard.svc:8080,prometheus.scrape.kube_state_metrics,nimbusguard,consumer-789d764dc7-m6pn9,275cc098-7bd6-4e36-afb7-63d7b33372c8
2025-07-12 05:39:28,0,kube_pod_container_status_restarts_total,consumer,kube-state-metrics.nimbusguard.svc:8080,prometheus.scrape.kube_state_metrics,nimbusguard,consumer-789d764dc7-m6pn9,275cc098-7bd6-4e36-afb7-63d7b33372c8
2025-07-12 05:40:28,0,kube_pod_container_status_restarts_total,consumer,kube-state-metrics.nimbusguard.svc:8080,prometheus.scrape.kube_state_metrics,nimbusguard,consumer-789d764dc7-m6pn9,275cc098-7bd6-4e36-afb7-63d7b33372c8
2025-07-12 05:41:28,0,kube_pod_container_status_restarts_total,consumer,kube-state-metrics.nimbusguard.svc:8080,prometheus.scrape.kube_state_metrics,nimbusguard,consumer-789d764dc7-m6pn9,275cc098-7bd6-4e36-afb7-63d7b33372c8
2025-07-12 05:42:28,0,kube_pod_container_status_restarts_total,consumer,kube-state-metrics.nimbusguard.svc:8080,prometheus.scrape.kube_state_metrics,nimbusguard,consumer-789d764dc7-m6pn9,275cc098-7bd6-4e36-afb7-63d7b33372c8
2025-07-12 05:43:28,0,kube_pod_container_status_restarts_total,consumer,kube-state-metrics.nimbusguard.svc:8080,prometheus.scrape.kube_state_metrics,nimbusguard,consumer-789d764dc7-m6pn9,275cc098-7bd6-4e36-afb7-63d7b33372c8
2025-07-12 05:32:28,0,kube_pod_container_status_restarts_total,consumer,kube-state-metrics.nimbusguard.svc:8080,prometheus.scrape.kube_state_metrics,nimbusguard,consumer-789d764dc7-mbqtq,bc096d17-b095-4b72-808f-0e354a6bd047
2025-07-12 05:33:28,0,kube_pod_container_status_restarts_total,consumer,kube-state-metrics.nimbusguard.svc:8080,prometheus.scrape.kube_state_metrics,nimbusguard,consumer-789d764dc7-mbqtq,bc096d17-b095-4b72-808f-0e354a6bd047
2025-07-12 05:34:28,0,kube_pod_container_status_restarts_total,consumer,kube-state-metrics.nimbusguard.svc:8080,prometheus.scrape.kube_state_metrics,nimbusguard,consumer-789d764dc7-mbqtq,bc096d17-b095-4b72-808f-0e354a6bd047
2025-07-12 05:35:28,0,kube_pod_container_status_restarts_total,consumer,kube-state-metrics.nimbusguard.svc:8080,prometheus.scrape.kube_state_metrics,nimbusguard,consumer-789d764dc7-mbqtq,bc096d17-b095-4b72-808f-0e354a6bd047
2025-07-12 05:36:28,0,kube_pod_container_status_restarts_total,consumer,kube-state-metrics.nimbusguard.svc:8080,prometheus.scrape.kube_state_metrics,nimbusguard,consumer-789d764dc7-mbqtq,bc096d17-b095-4b72-808f-0e354a6bd047
2025-07-12 05:37:28,0,kube_pod_container_status_restarts_total,consumer,kube-state-metrics.nimbusguard.svc:8080,prometheus.scrape.kube_state_metrics,nimbusguard,consumer-789d764dc7-mbqtq,bc096d17-b095-4b72-808f-0e354a6bd047
2025-07-12 05:38:28,0,kube_pod_container_status_restarts_total,consumer,kube-state-metrics.nimbusguard.svc:8080,prometheus.scrape.kube_state_metrics,nimbusguard,consumer-789d764dc7-mbqtq,bc096d17-b095-4b72-808f-0e354a6bd047
2025-07-12 05:39:28,0,kube_pod_container_status_restarts_total,consumer,kube-state-metrics.nimbusguard.svc:8080,prometheus.scrape.kube_state_metrics,nimbusguard,consumer-789d764dc7-mbqtq,bc096d17-b095-4b72-808f-0e354a6bd047
2025-07-12 05:40:28,0,kube_pod_container_status_restarts_total,consumer,kube-state-metrics.nimbusguard.svc:8080,prometheus.scrape.kube_state_metrics,nimbusguard,consumer-789d764dc7-mbqtq,bc096d17-b095-4b72-808f-0e354a6bd047
2025-07-12 05:41:28,0,kube_pod_container_status_restarts_total,consumer,kube-state-metrics.nimbusguard.svc:8080,prometheus.scrape.kube_state_metrics,nimbusguard,consumer-789d764dc7-mbqtq,bc096d17-b095-4b72-808f-0e354a6bd047
2025-07-12 05:42:28,0,kube_pod_container_status_restarts_total,consumer,kube-state-metrics.nimbusguard.svc:8080,prometheus.scrape.kube_state_metrics,nimbusguard,consumer-789d764dc7-mbqtq,bc096d17-b095-4b72-808f-0e354a6bd047
2025-07-12 05:43:28,0,kube_pod_container_status_restarts_total,consumer,kube-state-metrics.nimbusguard.svc:8080,prometheus.scrape.kube_state_metrics,nimbusguard,consumer-789d764dc7-mbqtq,bc096d17-b095-4b72-808f-0e354a6bd047
2025-07-12 05:44:28,1,kube_pod_container_status_restarts_total,consumer,kube-state-metrics.nimbusguard.svc:8080,prometheus.scrape.kube_state_metrics,nimbusguard,consumer-789d764dc7-mbqtq,bc096d17-b095-4b72-808f-0e354a6bd047
2025-07-12 05:45:28,1,kube_pod_container_status_restarts_total,consumer,kube-state-metrics.nimbusguard.svc:8080,prometheus.scrape.kube_state_metrics,nimbusguard,consumer-789d764dc7-mbqtq,bc096d17-b095-4b72-808f-0e354a6bd047
2025-07-12 05:46:28,1,kube_pod_container_status_restarts_total,consumer,kube-state-metrics.nimbusguard.svc:8080,prometheus.scrape.kube_state_metrics,nimbusguard,consumer-789d764dc7-mbqtq,bc096d17-b095-4b72-808f-0e354a6bd047
2025-07-12 05:47:28,1,kube_pod_container_status_restarts_total,consumer,kube-state-metrics.nimbusguard.svc:8080,prometheus.scrape.kube_state_metrics,nimbusguard,consumer-789d764dc7-mbqtq,bc096d17-b095-4b72-808f-0e354a6bd047
2025-07-12 05:48:28,1,kube_pod_container_status_restarts_total,consumer,kube-state-metrics.nimbusguard.svc:8080,prometheus.scrape.kube_state_metrics,nimbusguard,consumer-789d764dc7-mbqtq,bc096d17-b095-4b72-808f-0e354a6bd047
2025-07-12 05:49:28,1,kube_pod_container_status_restarts_total,consumer,kube-state-metrics.nimbusguard.svc:8080,prometheus.scrape.kube_state_metrics,nimbusguard,consumer-789d764dc7-mbqtq,bc096d17-b095-4b72-808f-0e354a6bd047
2025-07-12 05:50:28,1,kube_pod_container_status_restarts_total,consumer,kube-state-metrics.nimbusguard.svc:8080,prometheus.scrape.kube_state_metrics,nimbusguard,consumer-789d764dc7-mbqtq,bc096d17-b095-4b72-808f-0e354a6bd047
2025-07-12 05:51:28,2,kube_pod_container_status_restarts_total,consumer,kube-state-metrics.nimbusguard.svc:8080,prometheus.scrape.kube_state_metrics,nimbusguard,consumer-789d764dc7-mbqtq,bc096d17-b095-4b72-808f-0e354a6bd047
2025-07-12 05:52:28,2,kube_pod_container_status_restarts_total,consumer,kube-state-metrics.nimbusguard.svc:8080,prometheus.scrape.kube_state_metrics,nimbusguard,consumer-789d764dc7-mbqtq,bc096d17-b095-4b72-808f-0e354a6bd047
2025-07-12 05:53:28,2,kube_pod_container_status_restarts_total,consumer,kube-state-metrics.nimbusguard.svc:8080,prometheus.scrape.kube_state_metrics,nimbusguard,consumer-789d764dc7-mbqtq,bc096d17-b095-4b72-808f-0e354a6bd047
2025-07-12 05:54:28,2,kube_pod_container_status_restarts_total,consumer,kube-state-metrics.nimbusguard.svc:8080,prometheus.scrape.kube_state_metrics,nimbusguard,consumer-789d764dc7-mbqtq,bc096d17-b095-4b72-808f-0e354a6bd047
2025-07-12 05:55:28,2,kube_pod_container_status_restarts_total,consumer,kube-state-metrics.nimbusguard.svc:8080,prometheus.scrape.kube_state_metrics,nimbusguard,consumer-789d764dc7-mbqtq,bc096d17-b095-4b72-808f-0e354a6bd047
2025-07-12 05:56:28,2,kube_pod_container_status_restarts_total,consumer,kube-state-metrics.nimbusguard.svc:8080,prometheus.scrape.kube_state_metrics,nimbusguard,consumer-789d764dc7-mbqtq,bc096d17-b095-4b72-808f-0e354a6bd047
2025-07-12 05:57:28,2,kube_pod_container_status_restarts_total,consumer,kube-state-metrics.nimbusguard.svc:8080,prometheus.scrape.kube_state_metrics,nimbusguard,consumer-789d764dc7-mbqtq,bc096d17-b095-4b72-808f-0e354a6bd047
2025-07-12 05:58:28,2,kube_pod_container_status_restarts_total,consumer,kube-state-metrics.nimbusguard.svc:8080,prometheus.scrape.kube_state_metrics,nimbusguard,consumer-789d764dc7-mbqtq,bc096d17-b095-4b72-808f-0e354a6bd047
2025-07-12 05:59:28,2,kube_pod_container_status_restarts_total,consumer,kube-state-metrics.nimbusguard.svc:8080,prometheus.scrape.kube_state_metrics,nimbusguard,consumer-789d764dc7-mbqtq,bc096d17-b095-4b72-808f-0e354a6bd047
2025-07-12 06:00:28,2,kube_pod_container_status_restarts_total,consumer,kube-state-metrics.nimbusguard.svc:8080,prometheus.scrape.kube_state_metrics,nimbusguard,consumer-789d764dc7-mbqtq,bc096d17-b095-4b72-808f-0e354a6bd047
2025-07-12 06:01:28,2,kube_pod_container_status_restarts_total,consumer,kube-state-metrics.nimbusguard.svc:8080,prometheus.scrape.kube_state_metrics,nimbusguard,consumer-789d764dc7-mbqtq,bc096d17-b095-4b72-808f-0e354a6bd047
2025-07-12 06:02:28,2,kube_pod_container_status_restarts_total,consumer,kube-state-metrics.nimbusguard.svc:8080,prometheus.scrape.kube_state_metrics,nimbusguard,consumer-789d764dc7-mbqtq,bc096d17-b095-4b72-808f-0e354a6bd047
2025-07-12 06:03:28,2,kube_pod_container_status_restarts_total,consumer,kube-state-metrics.nimbusguard.svc:8080,prometheus.scrape.kube_state_metrics,nimbusguard,consumer-789d764dc7-mbqtq,bc096d17-b095-4b72-808f-0e354a6bd047
2025-07-12 05:52:28,0,kube_pod_container_status_restarts_total,consumer,kube-state-metrics.nimbusguard.svc:8080,prometheus.scrape.kube_state_metrics,nimbusguard,consumer-789d764dc7-ng52s,e328308e-b352-4dfb-b2de-1e0aaceff463
2025-07-12 06:03:28,0,kube_pod_container_status_restarts_total,consumer,kube-state-metrics.nimbusguard.svc:8080,prometheus.scrape.kube_state_metrics,nimbusguard,consumer-789d764dc7-phkt5,879d3c85-eab6-4da2-a6b3-cff9f95032d1
2025-07-12 05:50:28,0,kube_pod_container_status_restarts_total,consumer,kube-state-metrics.nimbusguard.svc:8080,prometheus.scrape.kube_state_metrics,nimbusguard,consumer-789d764dc7-q4xhq,6903dfe4-81c6-46d8-9397-c3d5e78edaf4
2025-07-12 05:51:28,0,kube_pod_container_status_restarts_total,consumer,kube-state-metrics.nimbusguard.svc:8080,prometheus.scrape.kube_state_metrics,nimbusguard,consumer-789d764dc7-q4xhq,6903dfe4-81c6-46d8-9397-c3d5e78edaf4
2025-07-12 05:52:28,0,kube_pod_container_status_restarts_total,consumer,kube-state-metrics.nimbusguard.svc:8080,prometheus.scrape.kube_state_metrics,nimbusguard,consumer-789d764dc7-q4xhq,6903dfe4-81c6-46d8-9397-c3d5e78edaf4
2025-07-12 05:53:28,0,kube_pod_container_status_restarts_total,consumer,kube-state-metrics.nimbusguard.svc:8080,prometheus.scrape.kube_state_metrics,nimbusguard,consumer-789d764dc7-q4xhq,6903dfe4-81c6-46d8-9397-c3d5e78edaf4
2025-07-12 05:54:28,0,kube_pod_container_status_restarts_total,consumer,kube-state-metrics.nimbusguard.svc:8080,prometheus.scrape.kube_state_metrics,nimbusguard,consumer-789d764dc7-q4xhq,6903dfe4-81c6-46d8-9397-c3d5e78edaf4
2025-07-12 05:55:28,0,kube_pod_container_status_restarts_total,consumer,kube-state-metrics.nimbusguard.svc:8080,prometheus.scrape.kube_state_metrics,nimbusguard,consumer-789d764dc7-q4xhq,6903dfe4-81c6-46d8-9397-c3d5e78edaf4
2025-07-12 05:56:28,0,kube_pod_container_status_restarts_total,consumer,kube-state-metrics.nimbusguard.svc:8080,prometheus.scrape.kube_state_metrics,nimbusguard,consumer-789d764dc7-q4xhq,6903dfe4-81c6-46d8-9397-c3d5e78edaf4
2025-07-12 05:57:28,0,kube_pod_container_status_restarts_total,consumer,kube-state-metrics.nimbusguard.svc:8080,prometheus.scrape.kube_state_metrics,nimbusguard,consumer-789d764dc7-q4xhq,6903dfe4-81c6-46d8-9397-c3d5e78edaf4
2025-07-12 05:58:28,0,kube_pod_container_status_restarts_total,consumer,kube-state-metrics.nimbusguard.svc:8080,prometheus.scrape.kube_state_metrics,nimbusguard,consumer-789d764dc7-q4xhq,6903dfe4-81c6-46d8-9397-c3d5e78edaf4
2025-07-12 05:59:28,0,kube_pod_container_status_restarts_total,consumer,kube-state-metrics.nimbusguard.svc:8080,prometheus.scrape.kube_state_metrics,nimbusguard,consumer-789d764dc7-q4xhq,6903dfe4-81c6-46d8-9397-c3d5e78edaf4
2025-07-12 06:00:28,0,kube_pod_container_status_restarts_total,consumer,kube-state-metrics.nimbusguard.svc:8080,prometheus.scrape.kube_state_metrics,nimbusguard,consumer-789d764dc7-q4xhq,6903dfe4-81c6-46d8-9397-c3d5e78edaf4
2025-07-12 06:01:28,0,kube_pod_container_status_restarts_total,consumer,kube-state-metrics.nimbusguard.svc:8080,prometheus.scrape.kube_state_metrics,nimbusguard,consumer-789d764dc7-q4xhq,6903dfe4-81c6-46d8-9397-c3d5e78edaf4
2025-07-12 05:46:28,0,kube_pod_container_status_restarts_total,consumer,kube-state-metrics.nimbusguard.svc:8080,prometheus.scrape.kube_state_metrics,nimbusguard,consumer-789d764dc7-r6jgr,d7ff0f1d-ba58-4c39-95dc-ef6ca58aa96b
2025-07-12 05:33:28,0,kube_pod_container_status_restarts_total,consumer,kube-state-metrics.nimbusguard.svc:8080,prometheus.scrape.kube_state_metrics,nimbusguard,consumer-789d764dc7-rdt26,55c5a28d-7e60-4e18-b3bf-f4f73d3f8c98
2025-07-12 05:34:28,0,kube_pod_container_status_restarts_total,consumer,kube-state-metrics.nimbusguard.svc:8080,prometheus.scrape.kube_state_metrics,nimbusguard,consumer-789d764dc7-rdt26,55c5a28d-7e60-4e18-b3bf-f4f73d3f8c98
2025-07-12 05:35:28,0,kube_pod_container_status_restarts_total,consumer,kube-state-metrics.nimbusguard.svc:8080,prometheus.scrape.kube_state_metrics,nimbusguard,consumer-789d764dc7-rdt26,55c5a28d-7e60-4e18-b3bf-f4f73d3f8c98
2025-07-12 05:36:28,0,kube_pod_container_status_restarts_total,consumer,kube-state-metrics.nimbusguard.svc:8080,prometheus.scrape.kube_state_metrics,nimbusguard,consumer-789d764dc7-rdt26,55c5a28d-7e60-4e18-b3bf-f4f73d3f8c98
2025-07-12 05:37:28,0,kube_pod_container_status_restarts_total,consumer,kube-state-metrics.nimbusguard.svc:8080,prometheus.scrape.kube_state_metrics,nimbusguard,consumer-789d764dc7-rdt26,55c5a28d-7e60-4e18-b3bf-f4f73d3f8c98
2025-07-12 05:38:28,0,kube_pod_container_status_restarts_total,consumer,kube-state-metrics.nimbusguard.svc:8080,prometheus.scrape.kube_state_metrics,nimbusguard,consumer-789d764dc7-rdt26,55c5a28d-7e60-4e18-b3bf-f4f73d3f8c98
2025-07-12 05:39:28,0,kube_pod_container_status_restarts_total,consumer,kube-state-metrics.nimbusguard.svc:8080,prometheus.scrape.kube_state_metrics,nimbusguard,consumer-789d764dc7-rdt26,55c5a28d-7e60-4e18-b3bf-f4f73d3f8c98
2025-07-12 05:40:28,0,kube_pod_container_status_restarts_total,consumer,kube-state-metrics.nimbusguard.svc:8080,prometheus.scrape.kube_state_metrics,nimbusguard,consumer-789d764dc7-rdt26,55c5a28d-7e60-4e18-b3bf-f4f73d3f8c98
2025-07-12 05:41:28,0,kube_pod_container_status_restarts_total,consumer,kube-state-metrics.nimbusguard.svc:8080,prometheus.scrape.kube_state_metrics,nimbusguard,consumer-789d764dc7-rdt26,55c5a28d-7e60-4e18-b3bf-f4f73d3f8c98
2025-07-12 05:42:28,0,kube_pod_container_status_restarts_total,consumer,kube-state-metrics.nimbusguard.svc:8080,prometheus.scrape.kube_state_metrics,nimbusguard,consumer-789d764dc7-rdt26,55c5a28d-7e60-4e18-b3bf-f4f73d3f8c98
2025-07-12 05:43:28,0,kube_pod_container_status_restarts_total,consumer,kube-state-metrics.nimbusguard.svc:8080,prometheus.scrape.kube_state_metrics,nimbusguard,consumer-789d764dc7-rdt26,55c5a28d-7e60-4e18-b3bf-f4f73d3f8c98
2025-07-12 05:44:28,0,kube_pod_container_status_restarts_total,consumer,kube-state-metrics.nimbusguard.svc:8080,prometheus.scrape.kube_state_metrics,nimbusguard,consumer-789d764dc7-rdt26,55c5a28d-7e60-4e18-b3bf-f4f73d3f8c98
2025-07-12 05:45:28,0,kube_pod_container_status_restarts_total,consumer,kube-state-metrics.nimbusguard.svc:8080,prometheus.scrape.kube_state_metrics,nimbusguard,consumer-789d764dc7-rdt26,55c5a28d-7e60-4e18-b3bf-f4f73d3f8c98
2025-07-12 05:46:28,0,kube_pod_container_status_restarts_total,consumer,kube-state-metrics.nimbusguard.svc:8080,prometheus.scrape.kube_state_metrics,nimbusguard,consumer-789d764dc7-rdt26,55c5a28d-7e60-4e18-b3bf-f4f73d3f8c98
2025-07-12 05:47:28,1,kube_pod_container_status_restarts_total,consumer,kube-state-metrics.nimbusguard.svc:8080,prometheus.scrape.kube_state_metrics,nimbusguard,consumer-789d764dc7-rdt26,55c5a28d-7e60-4e18-b3bf-f4f73d3f8c98
2025-07-12 05:49:28,0,kube_pod_container_status_restarts_total,consumer,kube-state-metrics.nimbusguard.svc:8080,prometheus.scrape.kube_state_metrics,nimbusguard,consumer-789d764dc7-rg67x,35005ac0-b2e4-4b11-9617-1d4610a428af
2025-07-12 05:50:28,0,kube_pod_container_status_restarts_total,consumer,kube-state-metrics.nimbusguard.svc:8080,prometheus.scrape.kube_state_metrics,nimbusguard,consumer-789d764dc7-rg67x,35005ac0-b2e4-4b11-9617-1d4610a428af
2025-07-12 05:51:28,0,kube_pod_container_status_restarts_total,consumer,kube-state-metrics.nimbusguard.svc:8080,prometheus.scrape.kube_state_metrics,nimbusguard,consumer-789d764dc7-rg67x,35005ac0-b2e4-4b11-9617-1d4610a428af
2025-07-12 05:52:28,0,kube_pod_container_status_restarts_total,consumer,kube-state-metrics.nimbusguard.svc:8080,prometheus.scrape.kube_state_metrics,nimbusguard,consumer-789d764dc7-rg67x,35005ac0-b2e4-4b11-9617-1d4610a428af
2025-07-12 05:53:28,0,kube_pod_container_status_restarts_total,consumer,kube-state-metrics.nimbusguard.svc:8080,prometheus.scrape.kube_state_metrics,nimbusguard,consumer-789d764dc7-rg67x,35005ac0-b2e4-4b11-9617-1d4610a428af
2025-07-12 05:54:28,0,kube_pod_container_status_restarts_total,consumer,kube-state-metrics.nimbusguard.svc:8080,prometheus.scrape.kube_state_metrics,nimbusguard,consumer-789d764dc7-rg67x,35005ac0-b2e4-4b11-9617-1d4610a428af
2025-07-12 05:55:28,0,kube_pod_container_status_restarts_total,consumer,kube-state-metrics.nimbusguard.svc:8080,prometheus.scrape.kube_state_metrics,nimbusguard,consumer-789d764dc7-rg67x,35005ac0-b2e4-4b11-9617-1d4610a428af
2025-07-12 05:56:28,0,kube_pod_container_status_restarts_total,consumer,kube-state-metrics.nimbusguard.svc:8080,prometheus.scrape.kube_state_metrics,nimbusguard,consumer-789d764dc7-rg67x,35005ac0-b2e4-4b11-9617-1d4610a428af
2025-07-12 05:46:28,0,kube_pod_container_status_restarts_total,consumer,kube-state-metrics.nimbusguard.svc:8080,prometheus.scrape.kube_state_metrics,nimbusguard,consumer-789d764dc7-rnmgg,d66a7bf4-608e-4c07-bf0c-2ef6ccf275ea
2025-07-12 05:47:28,0,kube_pod_container_status_restarts_total,consumer,kube-state-metrics.nimbusguard.svc:8080,prometheus.scrape.kube_state_metrics,nimbusguard,consumer-789d764dc7-rnmgg,d66a7bf4-608e-4c07-bf0c-2ef6ccf275ea
2025-07-12 05:48:28,0,kube_pod_container_status_restarts_total,consumer,kube-state-metrics.nimbusguard.svc:8080,prometheus.scrape.kube_state_metrics,nimbusguard,consumer-789d764dc7-rnmgg,d66a7bf4-608e-4c07-bf0c-2ef6ccf275ea
2025-07-12 05:49:28,1,kube_pod_container_status_restarts_total,consumer,kube-state-metrics.nimbusguard.svc:8080,prometheus.scrape.kube_state_metrics,nimbusguard,consumer-789d764dc7-rnmgg,d66a7bf4-608e-4c07-bf0c-2ef6ccf275ea
2025-07-12 05:50:28,1,kube_pod_container_status_restarts_total,consumer,kube-state-metrics.nimbusguard.svc:8080,prometheus.scrape.kube_state_metrics,nimbusguard,consumer-789d764dc7-rnmgg,d66a7bf4-608e-4c07-bf0c-2ef6ccf275ea
2025-07-12 05:51:28,1,kube_pod_container_status_restarts_total,consumer,kube-state-metrics.nimbusguard.svc:8080,prometheus.scrape.kube_state_metrics,nimbusguard,consumer-789d764dc7-rnmgg,d66a7bf4-608e-4c07-bf0c-2ef6ccf275ea
2025-07-12 05:52:28,1,kube_pod_container_status_restarts_total,consumer,kube-state-metrics.nimbusguard.svc:8080,prometheus.scrape.kube_state_metrics,nimbusguard,consumer-789d764dc7-rnmgg,d66a7bf4-608e-4c07-bf0c-2ef6ccf275ea
2025-07-12 05:53:28,1,kube_pod_container_status_restarts_total,consumer,kube-state-metrics.nimbusguard.svc:8080,prometheus.scrape.kube_state_metrics,nimbusguard,consumer-789d764dc7-rnmgg,d66a7bf4-608e-4c07-bf0c-2ef6ccf275ea
2025-07-12 05:54:28,1,kube_pod_container_status_restarts_total,consumer,kube-state-metrics.nimbusguard.svc:8080,prometheus.scrape.kube_state_metrics,nimbusguard,consumer-789d764dc7-rnmgg,d66a7bf4-608e-4c07-bf0c-2ef6ccf275ea
2025-07-12 05:55:28,1,kube_pod_container_status_restarts_total,consumer,kube-state-metrics.nimbusguard.svc:8080,prometheus.scrape.kube_state_metrics,nimbusguard,consumer-789d764dc7-rnmgg,d66a7bf4-608e-4c07-bf0c-2ef6ccf275ea
2025-07-12 05:56:28,1,kube_pod_container_status_restarts_total,consumer,kube-state-metrics.nimbusguard.svc:8080,prometheus.scrape.kube_state_metrics,nimbusguard,consumer-789d764dc7-rnmgg,d66a7bf4-608e-4c07-bf0c-2ef6ccf275ea
2025-07-12 05:57:28,1,kube_pod_container_status_restarts_total,consumer,kube-state-metrics.nimbusguard.svc:8080,prometheus.scrape.kube_state_metrics,nimbusguard,consumer-789d764dc7-rnmgg,d66a7bf4-608e-4c07-bf0c-2ef6ccf275ea
2025-07-12 05:58:28,1,kube_pod_container_status_restarts_total,consumer,kube-state-metrics.nimbusguard.svc:8080,prometheus.scrape.kube_state_metrics,nimbusguard,consumer-789d764dc7-rnmgg,d66a7bf4-608e-4c07-bf0c-2ef6ccf275ea
2025-07-12 05:59:28,1,kube_pod_container_status_restarts_total,consumer,kube-state-metrics.nimbusguard.svc:8080,prometheus.scrape.kube_state_metrics,nimbusguard,consumer-789d764dc7-rnmgg,d66a7bf4-608e-4c07-bf0c-2ef6ccf275ea
2025-07-12 06:00:28,1,kube_pod_container_status_restarts_total,consumer,kube-state-metrics.nimbusguard.svc:8080,prometheus.scrape.kube_state_metrics,nimbusguard,consumer-789d764dc7-rnmgg,d66a7bf4-608e-4c07-bf0c-2ef6ccf275ea
2025-07-12 06:01:28,1,kube_pod_container_status_restarts_total,consumer,kube-state-metrics.nimbusguard.svc:8080,prometheus.scrape.kube_state_metrics,nimbusguard,consumer-789d764dc7-rnmgg,d66a7bf4-608e-4c07-bf0c-2ef6ccf275ea
2025-07-12 06:02:28,1,kube_pod_container_status_restarts_total,consumer,kube-state-metrics.nimbusguard.svc:8080,prometheus.scrape.kube_state_metrics,nimbusguard,consumer-789d764dc7-rnmgg,d66a7bf4-608e-4c07-bf0c-2ef6ccf275ea
2025-07-12 06:03:28,1,kube_pod_container_status_restarts_total,consumer,kube-state-metrics.nimbusguard.svc:8080,prometheus.scrape.kube_state_metrics,nimbusguard,consumer-789d764dc7-rnmgg,d66a7bf4-608e-4c07-bf0c-2ef6ccf275ea
2025-07-12 06:04:28,1,kube_pod_container_status_restarts_total,consumer,kube-state-metrics.nimbusguard.svc:8080,prometheus.scrape.kube_state_metrics,nimbusguard,consumer-789d764dc7-rnmgg,d66a7bf4-608e-4c07-bf0c-2ef6ccf275ea
2025-07-12 06:05:28,1,kube_pod_container_status_restarts_total,consumer,kube-state-metrics.nimbusguard.svc:8080,prometheus.scrape.kube_state_metrics,nimbusguard,consumer-789d764dc7-rnmgg,d66a7bf4-608e-4c07-bf0c-2ef6ccf275ea
2025-07-12 06:06:28,1,kube_pod_container_status_restarts_total,consumer,kube-state-metrics.nimbusguard.svc:8080,prometheus.scrape.kube_state_metrics,nimbusguard,consumer-789d764dc7-rnmgg,d66a7bf4-608e-4c07-bf0c-2ef6ccf275ea
2025-07-12 05:58:28,0,kube_pod_container_status_restarts_total,consumer,kube-state-metrics.nimbusguard.svc:8080,prometheus.scrape.kube_state_metrics,nimbusguard,consumer-789d764dc7-rr72g,b93daced-ab0e-4cea-9e99-f352a8e14792
2025-07-12 05:59:28,0,kube_pod_container_status_restarts_total,consumer,kube-state-metrics.nimbusguard.svc:8080,prometheus.scrape.kube_state_metrics,nimbusguard,consumer-789d764dc7-rr72g,b93daced-ab0e-4cea-9e99-f352a8e14792
2025-07-12 05:33:28,0,kube_pod_container_status_restarts_total,consumer,kube-state-metrics.nimbusguard.svc:8080,prometheus.scrape.kube_state_metrics,nimbusguard,consumer-789d764dc7-rt4bp,dccb7f15-6387-49f7-8219-6c04c55e44e0
2025-07-12 05:34:28,0,kube_pod_container_status_restarts_total,consumer,kube-state-metrics.nimbusguard.svc:8080,prometheus.scrape.kube_state_metrics,nimbusguard,consumer-789d764dc7-rt4bp,dccb7f15-6387-49f7-8219-6c04c55e44e0
2025-07-12 05:35:28,0,kube_pod_container_status_restarts_total,consumer,kube-state-metrics.nimbusguard.svc:8080,prometheus.scrape.kube_state_metrics,nimbusguard,consumer-789d764dc7-rt4bp,dccb7f15-6387-49f7-8219-6c04c55e44e0
2025-07-12 05:36:28,0,kube_pod_container_status_restarts_total,consumer,kube-state-metrics.nimbusguard.svc:8080,prometheus.scrape.kube_state_metrics,nimbusguard,consumer-789d764dc7-rt4bp,dccb7f15-6387-49f7-8219-6c04c55e44e0
2025-07-12 05:37:28,0,kube_pod_container_status_restarts_total,consumer,kube-state-metrics.nimbusguard.svc:8080,prometheus.scrape.kube_state_metrics,nimbusguard,consumer-789d764dc7-rt4bp,dccb7f15-6387-49f7-8219-6c04c55e44e0
2025-07-12 05:38:28,0,kube_pod_container_status_restarts_total,consumer,kube-state-metrics.nimbusguard.svc:8080,prometheus.scrape.kube_state_metrics,nimbusguard,consumer-789d764dc7-rt4bp,dccb7f15-6387-49f7-8219-6c04c55e44e0
2025-07-12 05:39:28,0,kube_pod_container_status_restarts_total,consumer,kube-state-metrics.nimbusguard.svc:8080,prometheus.scrape.kube_state_metrics,nimbusguard,consumer-789d764dc7-rt4bp,dccb7f15-6387-49f7-8219-6c04c55e44e0
2025-07-12 05:40:28,0,kube_pod_container_status_restarts_total,consumer,kube-state-metrics.nimbusguard.svc:8080,prometheus.scrape.kube_state_metrics,nimbusguard,consumer-789d764dc7-rt4bp,dccb7f15-6387-49f7-8219-6c04c55e44e0
2025-07-12 05:41:28,0,kube_pod_container_status_restarts_total,consumer,kube-state-metrics.nimbusguard.svc:8080,prometheus.scrape.kube_state_metrics,nimbusguard,consumer-789d764dc7-rt4bp,dccb7f15-6387-49f7-8219-6c04c55e44e0
2025-07-12 05:52:28,0,kube_pod_container_status_restarts_total,consumer,kube-state-metrics.nimbusguard.svc:8080,prometheus.scrape.kube_state_metrics,nimbusguard,consumer-789d764dc7-rv469,dd1963dc-92d9-43c7-94d5-9af20e1b4034
2025-07-12 05:53:28,0,kube_pod_container_status_restarts_total,consumer,kube-state-metrics.nimbusguard.svc:8080,prometheus.scrape.kube_state_metrics,nimbusguard,consumer-789d764dc7-rv469,dd1963dc-92d9-43c7-94d5-9af20e1b4034
2025-07-12 05:54:28,0,kube_pod_container_status_restarts_total,consumer,kube-state-metrics.nimbusguard.svc:8080,prometheus.scrape.kube_state_metrics,nimbusguard,consumer-789d764dc7-rv469,dd1963dc-92d9-43c7-94d5-9af20e1b4034
2025-07-12 05:55:28,0,kube_pod_container_status_restarts_total,consumer,kube-state-metrics.nimbusguard.svc:8080,prometheus.scrape.kube_state_metrics,nimbusguard,consumer-789d764dc7-rv469,dd1963dc-92d9-43c7-94d5-9af20e1b4034
2025-07-12 05:35:28,0,kube_pod_container_status_restarts_total,consumer,kube-state-metrics.nimbusguard.svc:8080,prometheus.scrape.kube_state_metrics,nimbusguard,consumer-789d764dc7-sl5zm,9b85000b-e989-4c50-b6c6-7c0e36e6aaef
2025-07-12 05:36:28,0,kube_pod_container_status_restarts_total,consumer,kube-state-metrics.nimbusguard.svc:8080,prometheus.scrape.kube_state_metrics,nimbusguard,consumer-789d764dc7-sl5zm,9b85000b-e989-4c50-b6c6-7c0e36e6aaef
2025-07-12 05:37:28,0,kube_pod_container_status_restarts_total,consumer,kube-state-metrics.nimbusguard.svc:8080,prometheus.scrape.kube_state_metrics,nimbusguard,consumer-789d764dc7-sl5zm,9b85000b-e989-4c50-b6c6-7c0e36e6aaef
2025-07-12 05:38:28,0,kube_pod_container_status_restarts_total,consumer,kube-state-metrics.nimbusguard.svc:8080,prometheus.scrape.kube_state_metrics,nimbusguard,consumer-789d764dc7-sl5zm,9b85000b-e989-4c50-b6c6-7c0e36e6aaef
2025-07-12 05:39:28,0,kube_pod_container_status_restarts_total,consumer,kube-state-metrics.nimbusguard.svc:8080,prometheus.scrape.kube_state_metrics,nimbusguard,consumer-789d764dc7-sl5zm,9b85000b-e989-4c50-b6c6-7c0e36e6aaef
2025-07-12 05:40:28,0,kube_pod_container_status_restarts_total,consumer,kube-state-metrics.nimbusguard.svc:8080,prometheus.scrape.kube_state_metrics,nimbusguard,consumer-789d764dc7-sl5zm,9b85000b-e989-4c50-b6c6-7c0e36e6aaef
2025-07-12 05:41:28,0,kube_pod_container_status_restarts_total,consumer,kube-state-metrics.nimbusguard.svc:8080,prometheus.scrape.kube_state_metrics,nimbusguard,consumer-789d764dc7-sl5zm,9b85000b-e989-4c50-b6c6-7c0e36e6aaef
2025-07-12 05:44:28,0,kube_pod_container_status_restarts_total,consumer,kube-state-metrics.nimbusguard.svc:8080,prometheus.scrape.kube_state_metrics,nimbusguard,consumer-789d764dc7-ssfgd,9b544ebc-ddf4-46da-a7c4-6ec9905f67d2
2025-07-12 05:45:28,0,kube_pod_container_status_restarts_total,consumer,kube-state-metrics.nimbusguard.svc:8080,prometheus.scrape.kube_state_metrics,nimbusguard,consumer-789d764dc7-ssfgd,9b544ebc-ddf4-46da-a7c4-6ec9905f67d2
2025-07-12 05:46:28,0,kube_pod_container_status_restarts_total,consumer,kube-state-metrics.nimbusguard.svc:8080,prometheus.scrape.kube_state_metrics,nimbusguard,consumer-789d764dc7-ssfgd,9b544ebc-ddf4-46da-a7c4-6ec9905f67d2
2025-07-12 05:47:28,0,kube_pod_container_status_restarts_total,consumer,kube-state-metrics.nimbusguard.svc:8080,prometheus.scrape.kube_state_metrics,nimbusguard,consumer-789d764dc7-ssfgd,9b544ebc-ddf4-46da-a7c4-6ec9905f67d2
2025-07-12 05:48:28,0,kube_pod_container_status_restarts_total,consumer,kube-state-metrics.nimbusguard.svc:8080,prometheus.scrape.kube_state_metrics,nimbusguard,consumer-789d764dc7-ssfgd,9b544ebc-ddf4-46da-a7c4-6ec9905f67d2
2025-07-12 05:49:28,0,kube_pod_container_status_restarts_total,consumer,kube-state-metrics.nimbusguard.svc:8080,prometheus.scrape.kube_state_metrics,nimbusguard,consumer-789d764dc7-ssfgd,9b544ebc-ddf4-46da-a7c4-6ec9905f67d2
2025-07-12 05:50:28,0,kube_pod_container_status_restarts_total,consumer,kube-state-metrics.nimbusguard.svc:8080,prometheus.scrape.kube_state_metrics,nimbusguard,consumer-789d764dc7-ssfgd,9b544ebc-ddf4-46da-a7c4-6ec9905f67d2
2025-07-12 05:51:28,0,kube_pod_container_status_restarts_total,consumer,kube-state-metrics.nimbusguard.svc:8080,prometheus.scrape.kube_state_metrics,nimbusguard,consumer-789d764dc7-ssfgd,9b544ebc-ddf4-46da-a7c4-6ec9905f67d2
2025-07-12 05:52:28,0,kube_pod_container_status_restarts_total,consumer,kube-state-metrics.nimbusguard.svc:8080,prometheus.scrape.kube_state_metrics,nimbusguard,consumer-789d764dc7-ssfgd,9b544ebc-ddf4-46da-a7c4-6ec9905f67d2
2025-07-12 05:53:28,0,kube_pod_container_status_restarts_total,consumer,kube-state-metrics.nimbusguard.svc:8080,prometheus.scrape.kube_state_metrics,nimbusguard,consumer-789d764dc7-ssfgd,9b544ebc-ddf4-46da-a7c4-6ec9905f67d2
2025-07-12 05:54:28,0,kube_pod_container_status_restarts_total,consumer,kube-state-metrics.nimbusguard.svc:8080,prometheus.scrape.kube_state_metrics,nimbusguard,consumer-789d764dc7-ssfgd,9b544ebc-ddf4-46da-a7c4-6ec9905f67d2
2025-07-12 05:55:28,0,kube_pod_container_status_restarts_total,consumer,kube-state-metrics.nimbusguard.svc:8080,prometheus.scrape.kube_state_metrics,nimbusguard,consumer-789d764dc7-ssfgd,9b544ebc-ddf4-46da-a7c4-6ec9905f67d2
2025-07-12 05:56:28,0,kube_pod_container_status_restarts_total,consumer,kube-state-metrics.nimbusguard.svc:8080,prometheus.scrape.kube_state_metrics,nimbusguard,consumer-789d764dc7-ssfgd,9b544ebc-ddf4-46da-a7c4-6ec9905f67d2
2025-07-12 05:57:28,0,kube_pod_container_status_restarts_total,consumer,kube-state-metrics.nimbusguard.svc:8080,prometheus.scrape.kube_state_metrics,nimbusguard,consumer-789d764dc7-ssfgd,9b544ebc-ddf4-46da-a7c4-6ec9905f67d2
2025-07-12 05:58:28,0,kube_pod_container_status_restarts_total,consumer,kube-state-metrics.nimbusguard.svc:8080,prometheus.scrape.kube_state_metrics,nimbusguard,consumer-789d764dc7-ssfgd,9b544ebc-ddf4-46da-a7c4-6ec9905f67d2
2025-07-12 05:59:28,0,kube_pod_container_status_restarts_total,consumer,kube-state-metrics.nimbusguard.svc:8080,prometheus.scrape.kube_state_metrics,nimbusguard,consumer-789d764dc7-ssfgd,9b544ebc-ddf4-46da-a7c4-6ec9905f67d2
2025-07-12 06:00:28,0,kube_pod_container_status_restarts_total,consumer,kube-state-metrics.nimbusguard.svc:8080,prometheus.scrape.kube_state_metrics,nimbusguard,consumer-789d764dc7-ssfgd,9b544ebc-ddf4-46da-a7c4-6ec9905f67d2
2025-07-12 06:01:28,0,kube_pod_container_status_restarts_total,consumer,kube-state-metrics.nimbusguard.svc:8080,prometheus.scrape.kube_state_metrics,nimbusguard,consumer-789d764dc7-ssfgd,9b544ebc-ddf4-46da-a7c4-6ec9905f67d2
2025-07-12 06:02:28,0,kube_pod_container_status_restarts_total,consumer,kube-state-metrics.nimbusguard.svc:8080,prometheus.scrape.kube_state_metrics,nimbusguard,consumer-789d764dc7-ssfgd,9b544ebc-ddf4-46da-a7c4-6ec9905f67d2
2025-07-12 06:03:28,0,kube_pod_container_status_restarts_total,consumer,kube-state-metrics.nimbusguard.svc:8080,prometheus.scrape.kube_state_metrics,nimbusguard,consumer-789d764dc7-ssfgd,9b544ebc-ddf4-46da-a7c4-6ec9905f67d2
2025-07-12 06:04:28,0,kube_pod_container_status_restarts_total,consumer,kube-state-metrics.nimbusguard.svc:8080,prometheus.scrape.kube_state_metrics,nimbusguard,consumer-789d764dc7-ssfgd,9b544ebc-ddf4-46da-a7c4-6ec9905f67d2
2025-07-12 06:05:28,0,kube_pod_container_status_restarts_total,consumer,kube-state-metrics.nimbusguard.svc:8080,prometheus.scrape.kube_state_metrics,nimbusguard,consumer-789d764dc7-ssfgd,9b544ebc-ddf4-46da-a7c4-6ec9905f67d2
2025-07-12 06:06:28,0,kube_pod_container_status_restarts_total,consumer,kube-state-metrics.nimbusguard.svc:8080,prometheus.scrape.kube_state_metrics,nimbusguard,consumer-789d764dc7-ssfgd,9b544ebc-ddf4-46da-a7c4-6ec9905f67d2
2025-07-12 05:58:28,0,kube_pod_container_status_restarts_total,consumer,kube-state-metrics.nimbusguard.svc:8080,prometheus.scrape.kube_state_metrics,nimbusguard,consumer-789d764dc7-vfkbt,cd0342d7-dc5b-4746-ade6-390e6f35e183
2025-07-12 05:59:28,0,kube_pod_container_status_restarts_total,consumer,kube-state-metrics.nimbusguard.svc:8080,prometheus.scrape.kube_state_metrics,nimbusguard,consumer-789d764dc7-vfkbt,cd0342d7-dc5b-4746-ade6-390e6f35e183
2025-07-12 05:51:28,0,kube_pod_container_status_restarts_total,consumer,kube-state-metrics.nimbusguard.svc:8080,prometheus.scrape.kube_state_metrics,nimbusguard,consumer-789d764dc7-wbn7b,388bd065-ad6d-4814-be10-ab47b72073f8
2025-07-12 05:52:28,0,kube_pod_container_status_restarts_total,consumer,kube-state-metrics.nimbusguard.svc:8080,prometheus.scrape.kube_state_metrics,nimbusguard,consumer-789d764dc7-wbn7b,388bd065-ad6d-4814-be10-ab47b72073f8
2025-07-12 05:53:28,0,kube_pod_container_status_restarts_total,consumer,kube-state-metrics.nimbusguard.svc:8080,prometheus.scrape.kube_state_metrics,nimbusguard,consumer-789d764dc7-wbn7b,388bd065-ad6d-4814-be10-ab47b72073f8
2025-07-12 05:35:28,0,kube_pod_container_status_restarts_total,consumer,kube-state-metrics.nimbusguard.svc:8080,prometheus.scrape.kube_state_metrics,nimbusguard,consumer-789d764dc7-x5nkb,d8232d91-77b6-4f19-8a0d-b6824f2fbd11
2025-07-12 05:36:28,0,kube_pod_container_status_restarts_total,consumer,kube-state-metrics.nimbusguard.svc:8080,prometheus.scrape.kube_state_metrics,nimbusguard,consumer-789d764dc7-x5nkb,d8232d91-77b6-4f19-8a0d-b6824f2fbd11
2025-07-12 05:32:28,0,kube_pod_container_status_restarts_total,consumer,kube-state-metrics.nimbusguard.svc:8080,prometheus.scrape.kube_state_metrics,nimbusguard,consumer-789d764dc7-xvtf9,6804db36-f6f5-4f8f-a929-7afa5f4213e6
2025-07-12 05:33:28,0,kube_pod_container_status_restarts_total,consumer,kube-state-metrics.nimbusguard.svc:8080,prometheus.scrape.kube_state_metrics,nimbusguard,consumer-789d764dc7-xvtf9,6804db36-f6f5-4f8f-a929-7afa5f4213e6
2025-07-12 05:34:28,0,kube_pod_container_status_restarts_total,consumer,kube-state-metrics.nimbusguard.svc:8080,prometheus.scrape.kube_state_metrics,nimbusguard,consumer-789d764dc7-xvtf9,6804db36-f6f5-4f8f-a929-7afa5f4213e6
2025-07-12 05:35:28,0,kube_pod_container_status_restarts_total,consumer,kube-state-metrics.nimbusguard.svc:8080,prometheus.scrape.kube_state_metrics,nimbusguard,consumer-789d764dc7-xvtf9,6804db36-f6f5-4f8f-a929-7afa5f4213e6
2025-07-12 05:36:28,0,kube_pod_container_status_restarts_total,consumer,kube-state-metrics.nimbusguard.svc:8080,prometheus.scrape.kube_state_metrics,nimbusguard,consumer-789d764dc7-xvtf9,6804db36-f6f5-4f8f-a929-7afa5f4213e6
2025-07-12 05:37:28,0,kube_pod_container_status_restarts_total,consumer,kube-state-metrics.nimbusguard.svc:8080,prometheus.scrape.kube_state_metrics,nimbusguard,consumer-789d764dc7-xvtf9,6804db36-f6f5-4f8f-a929-7afa5f4213e6
2025-07-12 05:38:28,0,kube_pod_container_status_restarts_total,consumer,kube-state-metrics.nimbusguard.svc:8080,prometheus.scrape.kube_state_metrics,nimbusguard,consumer-789d764dc7-xvtf9,6804db36-f6f5-4f8f-a929-7afa5f4213e6
2025-07-12 05:39:28,0,kube_pod_container_status_restarts_total,consumer,kube-state-metrics.nimbusguard.svc:8080,prometheus.scrape.kube_state_metrics,nimbusguard,consumer-789d764dc7-xvtf9,6804db36-f6f5-4f8f-a929-7afa5f4213e6
2025-07-12 05:40:28,0,kube_pod_container_status_restarts_total,consumer,kube-state-metrics.nimbusguard.svc:8080,prometheus.scrape.kube_state_metrics,nimbusguard,consumer-789d764dc7-xvtf9,6804db36-f6f5-4f8f-a929-7afa5f4213e6
2025-07-12 05:41:28,0,kube_pod_container_status_restarts_total,consumer,kube-state-metrics.nimbusguard.svc:8080,prometheus.scrape.kube_state_metrics,nimbusguard,consumer-789d764dc7-xvtf9,6804db36-f6f5-4f8f-a929-7afa5f4213e6
2025-07-12 05:42:28,0,kube_pod_container_status_restarts_total,consumer,kube-state-metrics.nimbusguard.svc:8080,prometheus.scrape.kube_state_metrics,nimbusguard,consumer-789d764dc7-xvtf9,6804db36-f6f5-4f8f-a929-7afa5f4213e6
2025-07-12 05:43:28,0,kube_pod_container_status_restarts_total,consumer,kube-state-metrics.nimbusguard.svc:8080,prometheus.scrape.kube_state_metrics,nimbusguard,consumer-789d764dc7-xvtf9,6804db36-f6f5-4f8f-a929-7afa5f4213e6
2025-07-12 05:44:28,0,kube_pod_container_status_restarts_total,consumer,kube-state-metrics.nimbusguard.svc:8080,prometheus.scrape.kube_state_metrics,nimbusguard,consumer-789d764dc7-xvtf9,6804db36-f6f5-4f8f-a929-7afa5f4213e6
2025-07-12 05:45:28,0,kube_pod_container_status_restarts_total,consumer,kube-state-metrics.nimbusguard.svc:8080,prometheus.scrape.kube_state_metrics,nimbusguard,consumer-789d764dc7-xvtf9,6804db36-f6f5-4f8f-a929-7afa5f4213e6
2025-07-12 05:46:28,0,kube_pod_container_status_restarts_total,consumer,kube-state-metrics.nimbusguard.svc:8080,prometheus.scrape.kube_state_metrics,nimbusguard,consumer-789d764dc7-xvtf9,6804db36-f6f5-4f8f-a929-7afa5f4213e6
2025-07-12 05:47:28,0,kube_pod_container_status_restarts_total,consumer,kube-state-metrics.nimbusguard.svc:8080,prometheus.scrape.kube_state_metrics,nimbusguard,consumer-789d764dc7-xvtf9,6804db36-f6f5-4f8f-a929-7afa5f4213e6
2025-07-12 05:48:28,0,kube_pod_container_status_restarts_total,consumer,kube-state-metrics.nimbusguard.svc:8080,prometheus.scrape.kube_state_metrics,nimbusguard,consumer-789d764dc7-xvtf9,6804db36-f6f5-4f8f-a929-7afa5f4213e6
2025-07-12 05:49:28,0,kube_pod_container_status_restarts_total,consumer,kube-state-metrics.nimbusguard.svc:8080,prometheus.scrape.kube_state_metrics,nimbusguard,consumer-789d764dc7-xvtf9,6804db36-f6f5-4f8f-a929-7afa5f4213e6
2025-07-12 05:50:28,0,kube_pod_container_status_restarts_total,consumer,kube-state-metrics.nimbusguard.svc:8080,prometheus.scrape.kube_state_metrics,nimbusguard,consumer-789d764dc7-xvtf9,6804db36-f6f5-4f8f-a929-7afa5f4213e6
2025-07-12 05:51:28,1,kube_pod_container_status_restarts_total,consumer,kube-state-metrics.nimbusguard.svc:8080,prometheus.scrape.kube_state_metrics,nimbusguard,consumer-789d764dc7-xvtf9,6804db36-f6f5-4f8f-a929-7afa5f4213e6
2025-07-12 05:52:28,1,kube_pod_container_status_restarts_total,consumer,kube-state-metrics.nimbusguard.svc:8080,prometheus.scrape.kube_state_metrics,nimbusguard,consumer-789d764dc7-xvtf9,6804db36-f6f5-4f8f-a929-7afa5f4213e6
2025-07-12 05:53:28,1,kube_pod_container_status_restarts_total,consumer,kube-state-metrics.nimbusguard.svc:8080,prometheus.scrape.kube_state_metrics,nimbusguard,consumer-789d764dc7-xvtf9,6804db36-f6f5-4f8f-a929-7afa5f4213e6
2025-07-12 05:54:28,1,kube_pod_container_status_restarts_total,consumer,kube-state-metrics.nimbusguard.svc:8080,prometheus.scrape.kube_state_metrics,nimbusguard,consumer-789d764dc7-xvtf9,6804db36-f6f5-4f8f-a929-7afa5f4213e6
2025-07-12 05:55:28,1,kube_pod_container_status_restarts_total,consumer,kube-state-metrics.nimbusguard.svc:8080,prometheus.scrape.kube_state_metrics,nimbusguard,consumer-789d764dc7-xvtf9,6804db36-f6f5-4f8f-a929-7afa5f4213e6
2025-07-12 06:01:28,0,kube_pod_container_status_restarts_total,consumer,kube-state-metrics.nimbusguard.svc:8080,prometheus.scrape.kube_state_metrics,nimbusguard,consumer-789d764dc7-zgmpm,d319b10e-5d04-46d2-8ae4-f59d903d4bcb
2025-07-12 05:29:28,1,kube_pod_container_status_restarts_total,coredns,10.244.1.4:8080,prometheus.scrape.annotated_pods,kube-system,coredns-674b8bbfcf-9wdx5,15bdfa5d-63a5-4447-bcc7-89cfe6d6a8af
2025-07-12 05:30:28,1,kube_pod_container_status_restarts_total,coredns,10.244.1.4:8080,prometheus.scrape.annotated_pods,kube-system,coredns-674b8bbfcf-9wdx5,15bdfa5d-63a5-4447-bcc7-89cfe6d6a8af
2025-07-12 05:31:28,1,kube_pod_container_status_restarts_total,coredns,10.244.1.4:8080,prometheus.scrape.annotated_pods,kube-system,coredns-674b8bbfcf-9wdx5,15bdfa5d-63a5-4447-bcc7-89cfe6d6a8af
2025-07-12 05:32:28,1,kube_pod_container_status_restarts_total,coredns,10.244.1.4:8080,prometheus.scrape.annotated_pods,kube-system,coredns-674b8bbfcf-9wdx5,15bdfa5d-63a5-4447-bcc7-89cfe6d6a8af
2025-07-12 05:33:28,1,kube_pod_container_status_restarts_total,coredns,10.244.1.4:8080,prometheus.scrape.annotated_pods,kube-system,coredns-674b8bbfcf-9wdx5,15bdfa5d-63a5-4447-bcc7-89cfe6d6a8af
2025-07-12 05:34:28,1,kube_pod_container_status_restarts_total,coredns,10.244.1.4:8080,prometheus.scrape.annotated_pods,kube-system,coredns-674b8bbfcf-9wdx5,15bdfa5d-63a5-4447-bcc7-89cfe6d6a8af
2025-07-12 05:35:28,1,kube_pod_container_status_restarts_total,coredns,10.244.1.4:8080,prometheus.scrape.annotated_pods,kube-system,coredns-674b8bbfcf-9wdx5,15bdfa5d-63a5-4447-bcc7-89cfe6d6a8af
2025-07-12 05:36:28,1,kube_pod_container_status_restarts_total,coredns,10.244.1.4:8080,prometheus.scrape.annotated_pods,kube-system,coredns-674b8bbfcf-9wdx5,15bdfa5d-63a5-4447-bcc7-89cfe6d6a8af
2025-07-12 05:37:28,1,kube_pod_container_status_restarts_total,coredns,10.244.1.4:8080,prometheus.scrape.annotated_pods,kube-system,coredns-674b8bbfcf-9wdx5,15bdfa5d-63a5-4447-bcc7-89cfe6d6a8af
2025-07-12 05:38:28,1,kube_pod_container_status_restarts_total,coredns,10.244.1.4:8080,prometheus.scrape.annotated_pods,kube-system,coredns-674b8bbfcf-9wdx5,15bdfa5d-63a5-4447-bcc7-89cfe6d6a8af
2025-07-12 05:39:28,1,kube_pod_container_status_restarts_total,coredns,10.244.1.4:8080,prometheus.scrape.annotated_pods,kube-system,coredns-674b8bbfcf-9wdx5,15bdfa5d-63a5-4447-bcc7-89cfe6d6a8af
2025-07-12 05:40:28,1,kube_pod_container_status_restarts_total,coredns,10.244.1.4:8080,prometheus.scrape.annotated_pods,kube-system,coredns-674b8bbfcf-9wdx5,15bdfa5d-63a5-4447-bcc7-89cfe6d6a8af
2025-07-12 05:41:28,1,kube_pod_container_status_restarts_total,coredns,10.244.1.4:8080,prometheus.scrape.annotated_pods,kube-system,coredns-674b8bbfcf-9wdx5,15bdfa5d-63a5-4447-bcc7-89cfe6d6a8af
2025-07-12 05:42:28,1,kube_pod_container_status_restarts_total,coredns,10.244.1.4:8080,prometheus.scrape.annotated_pods,kube-system,coredns-674b8bbfcf-9wdx5,15bdfa5d-63a5-4447-bcc7-89cfe6d6a8af
2025-07-12 05:43:28,1,kube_pod_container_status_restarts_total,coredns,10.244.1.4:8080,prometheus.scrape.annotated_pods,kube-system,coredns-674b8bbfcf-9wdx5,15bdfa5d-63a5-4447-bcc7-89cfe6d6a8af
2025-07-12 05:44:28,1,kube_pod_container_status_restarts_total,coredns,10.244.1.4:8080,prometheus.scrape.annotated_pods,kube-system,coredns-674b8bbfcf-9wdx5,15bdfa5d-63a5-4447-bcc7-89cfe6d6a8af
2025-07-12 05:45:28,1,kube_pod_container_status_restarts_total,coredns,10.244.1.4:8080,prometheus.scrape.annotated_pods,kube-system,coredns-674b8bbfcf-9wdx5,15bdfa5d-63a5-4447-bcc7-89cfe6d6a8af
2025-07-12 05:46:28,1,kube_pod_container_status_restarts_total,coredns,10.244.1.4:8080,prometheus.scrape.annotated_pods,kube-system,coredns-674b8bbfcf-9wdx5,15bdfa5d-63a5-4447-bcc7-89cfe6d6a8af
2025-07-12 05:47:28,1,kube_pod_container_status_restarts_total,coredns,10.244.1.4:8080,prometheus.scrape.annotated_pods,kube-system,coredns-674b8bbfcf-9wdx5,15bdfa5d-63a5-4447-bcc7-89cfe6d6a8af
2025-07-12 05:48:28,1,kube_pod_container_status_restarts_total,coredns,10.244.1.4:8080,prometheus.scrape.annotated_pods,kube-system,coredns-674b8bbfcf-9wdx5,15bdfa5d-63a5-4447-bcc7-89cfe6d6a8af
2025-07-12 05:49:28,1,kube_pod_container_status_restarts_total,coredns,10.244.1.4:8080,prometheus.scrape.annotated_pods,kube-system,coredns-674b8bbfcf-9wdx5,15bdfa5d-63a5-4447-bcc7-89cfe6d6a8af
2025-07-12 05:50:28,1,kube_pod_container_status_restarts_total,coredns,10.244.1.4:8080,prometheus.scrape.annotated_pods,kube-system,coredns-674b8bbfcf-9wdx5,15bdfa5d-63a5-4447-bcc7-89cfe6d6a8af
2025-07-12 05:51:28,1,kube_pod_container_status_restarts_total,coredns,10.244.1.4:8080,prometheus.scrape.annotated_pods,kube-system,coredns-674b8bbfcf-9wdx5,15bdfa5d-63a5-4447-bcc7-89cfe6d6a8af
2025-07-12 05:52:28,1,kube_pod_container_status_restarts_total,coredns,10.244.1.4:8080,prometheus.scrape.annotated_pods,kube-system,coredns-674b8bbfcf-9wdx5,15bdfa5d-63a5-4447-bcc7-89cfe6d6a8af
2025-07-12 05:53:28,1,kube_pod_container_status_restarts_total,coredns,10.244.1.4:8080,prometheus.scrape.annotated_pods,kube-system,coredns-674b8bbfcf-9wdx5,15bdfa5d-63a5-4447-bcc7-89cfe6d6a8af
2025-07-12 05:54:28,1,kube_pod_container_status_restarts_total,coredns,10.244.1.4:8080,prometheus.scrape.annotated_pods,kube-system,coredns-674b8bbfcf-9wdx5,15bdfa5d-63a5-4447-bcc7-89cfe6d6a8af
2025-07-12 05:55:28,1,kube_pod_container_status_restarts_total,coredns,10.244.1.4:8080,prometheus.scrape.annotated_pods,kube-system,coredns-674b8bbfcf-9wdx5,15bdfa5d-63a5-4447-bcc7-89cfe6d6a8af
2025-07-12 05:56:28,1,kube_pod_container_status_restarts_total,coredns,10.244.1.4:8080,prometheus.scrape.annotated_pods,kube-system,coredns-674b8bbfcf-9wdx5,15bdfa5d-63a5-4447-bcc7-89cfe6d6a8af
2025-07-12 05:57:28,1,kube_pod_container_status_restarts_total,coredns,10.244.1.4:8080,prometheus.scrape.annotated_pods,kube-system,coredns-674b8bbfcf-9wdx5,15bdfa5d-63a5-4447-bcc7-89cfe6d6a8af
2025-07-12 05:58:28,1,kube_pod_container_status_restarts_total,coredns,10.244.1.4:8080,prometheus.scrape.annotated_pods,kube-system,coredns-674b8bbfcf-9wdx5,15bdfa5d-63a5-4447-bcc7-89cfe6d6a8af
2025-07-12 05:59:28,1,kube_pod_container_status_restarts_total,coredns,10.244.1.4:8080,prometheus.scrape.annotated_pods,kube-system,coredns-674b8bbfcf-9wdx5,15bdfa5d-63a5-4447-bcc7-89cfe6d6a8af
2025-07-12 06:00:28,1,kube_pod_container_status_restarts_total,coredns,10.244.1.4:8080,prometheus.scrape.annotated_pods,kube-system,coredns-674b8bbfcf-9wdx5,15bdfa5d-63a5-4447-bcc7-89cfe6d6a8af
2025-07-12 06:01:28,1,kube_pod_container_status_restarts_total,coredns,10.244.1.4:8080,prometheus.scrape.annotated_pods,kube-system,coredns-674b8bbfcf-9wdx5,15bdfa5d-63a5-4447-bcc7-89cfe6d6a8af
2025-07-12 06:02:28,1,kube_pod_container_status_restarts_total,coredns,10.244.1.4:8080,prometheus.scrape.annotated_pods,kube-system,coredns-674b8bbfcf-9wdx5,15bdfa5d-63a5-4447-bcc7-89cfe6d6a8af
2025-07-12 06:03:28,1,kube_pod_container_status_restarts_total,coredns,10.244.1.4:8080,prometheus.scrape.annotated_pods,kube-system,coredns-674b8bbfcf-9wdx5,15bdfa5d-63a5-4447-bcc7-89cfe6d6a8af
2025-07-12 06:04:28,1,kube_pod_container_status_restarts_total,coredns,10.244.1.4:8080,prometheus.scrape.annotated_pods,kube-system,coredns-674b8bbfcf-9wdx5,15bdfa5d-63a5-4447-bcc7-89cfe6d6a8af
2025-07-12 06:05:28,1,kube_pod_container_status_restarts_total,coredns,10.244.1.4:8080,prometheus.scrape.annotated_pods,kube-system,coredns-674b8bbfcf-9wdx5,15bdfa5d-63a5-4447-bcc7-89cfe6d6a8af
2025-07-12 06:06:28,1,kube_pod_container_status_restarts_total,coredns,10.244.1.4:8080,prometheus.scrape.annotated_pods,kube-system,coredns-674b8bbfcf-9wdx5,15bdfa5d-63a5-4447-bcc7-89cfe6d6a8af
2025-07-12 06:07:28,1,kube_pod_container_status_restarts_total,coredns,10.244.1.4:8080,prometheus.scrape.annotated_pods,kube-system,coredns-674b8bbfcf-9wdx5,15bdfa5d-63a5-4447-bcc7-89cfe6d6a8af
2025-07-12 06:08:28,1,kube_pod_container_status_restarts_total,coredns,10.244.1.4:8080,prometheus.scrape.annotated_pods,kube-system,coredns-674b8bbfcf-9wdx5,15bdfa5d-63a5-4447-bcc7-89cfe6d6a8af
2025-07-12 06:09:28,1,kube_pod_container_status_restarts_total,coredns,10.244.1.4:8080,prometheus.scrape.annotated_pods,kube-system,coredns-674b8bbfcf-9wdx5,15bdfa5d-63a5-4447-bcc7-89cfe6d6a8af
2025-07-12 06:10:28,1,kube_pod_container_status_restarts_total,coredns,10.244.1.4:8080,prometheus.scrape.annotated_pods,kube-system,coredns-674b8bbfcf-9wdx5,15bdfa5d-63a5-4447-bcc7-89cfe6d6a8af
2025-07-12 06:11:28,1,kube_pod_container_status_restarts_total,coredns,10.244.1.4:8080,prometheus.scrape.annotated_pods,kube-system,coredns-674b8bbfcf-9wdx5,15bdfa5d-63a5-4447-bcc7-89cfe6d6a8af
2025-07-12 06:12:28,1,kube_pod_container_status_restarts_total,coredns,10.244.1.4:8080,prometheus.scrape.annotated_pods,kube-system,coredns-674b8bbfcf-9wdx5,15bdfa5d-63a5-4447-bcc7-89cfe6d6a8af
2025-07-12 06:13:28,1,kube_pod_container_status_restarts_total,coredns,10.244.1.4:8080,prometheus.scrape.annotated_pods,kube-system,coredns-674b8bbfcf-9wdx5,15bdfa5d-63a5-4447-bcc7-89cfe6d6a8af
2025-07-12 05:29:28,1,kube_pod_container_status_restarts_total,coredns,10.244.1.4:8080,prometheus.scrape.annotated_pods,kube-system,coredns-674b8bbfcf-qkpbp,30583129-4f31-436a-89f5-be5f8bad94c1
2025-07-12 05:30:28,1,kube_pod_container_status_restarts_total,coredns,10.244.1.4:8080,prometheus.scrape.annotated_pods,kube-system,coredns-674b8bbfcf-qkpbp,30583129-4f31-436a-89f5-be5f8bad94c1
2025-07-12 05:31:28,1,kube_pod_container_status_restarts_total,coredns,10.244.1.4:8080,prometheus.scrape.annotated_pods,kube-system,coredns-674b8bbfcf-qkpbp,30583129-4f31-436a-89f5-be5f8bad94c1
2025-07-12 05:32:28,1,kube_pod_container_status_restarts_total,coredns,10.244.1.4:8080,prometheus.scrape.annotated_pods,kube-system,coredns-674b8bbfcf-qkpbp,30583129-4f31-436a-89f5-be5f8bad94c1
2025-07-12 05:33:28,1,kube_pod_container_status_restarts_total,coredns,10.244.1.4:8080,prometheus.scrape.annotated_pods,kube-system,coredns-674b8bbfcf-qkpbp,30583129-4f31-436a-89f5-be5f8bad94c1
2025-07-12 05:34:28,1,kube_pod_container_status_restarts_total,coredns,10.244.1.4:8080,prometheus.scrape.annotated_pods,kube-system,coredns-674b8bbfcf-qkpbp,30583129-4f31-436a-89f5-be5f8bad94c1
2025-07-12 05:35:28,1,kube_pod_container_status_restarts_total,coredns,10.244.1.4:8080,prometheus.scrape.annotated_pods,kube-system,coredns-674b8bbfcf-qkpbp,30583129-4f31-436a-89f5-be5f8bad94c1
2025-07-12 05:36:28,1,kube_pod_container_status_restarts_total,coredns,10.244.1.4:8080,prometheus.scrape.annotated_pods,kube-system,coredns-674b8bbfcf-qkpbp,30583129-4f31-436a-89f5-be5f8bad94c1
2025-07-12 05:37:28,1,kube_pod_container_status_restarts_total,coredns,10.244.1.4:8080,prometheus.scrape.annotated_pods,kube-system,coredns-674b8bbfcf-qkpbp,30583129-4f31-436a-89f5-be5f8bad94c1
2025-07-12 05:38:28,1,kube_pod_container_status_restarts_total,coredns,10.244.1.4:8080,prometheus.scrape.annotated_pods,kube-system,coredns-674b8bbfcf-qkpbp,30583129-4f31-436a-89f5-be5f8bad94c1
2025-07-12 05:39:28,1,kube_pod_container_status_restarts_total,coredns,10.244.1.4:8080,prometheus.scrape.annotated_pods,kube-system,coredns-674b8bbfcf-qkpbp,30583129-4f31-436a-89f5-be5f8bad94c1
2025-07-12 05:40:28,1,kube_pod_container_status_restarts_total,coredns,10.244.1.4:8080,prometheus.scrape.annotated_pods,kube-system,coredns-674b8bbfcf-qkpbp,30583129-4f31-436a-89f5-be5f8bad94c1
2025-07-12 05:41:28,1,kube_pod_container_status_restarts_total,coredns,10.244.1.4:8080,prometheus.scrape.annotated_pods,kube-system,coredns-674b8bbfcf-qkpbp,30583129-4f31-436a-89f5-be5f8bad94c1
2025-07-12 05:42:28,1,kube_pod_container_status_restarts_total,coredns,10.244.1.4:8080,prometheus.scrape.annotated_pods,kube-system,coredns-674b8bbfcf-qkpbp,30583129-4f31-436a-89f5-be5f8bad94c1
2025-07-12 05:43:28,1,kube_pod_container_status_restarts_total,coredns,10.244.1.4:8080,prometheus.scrape.annotated_pods,kube-system,coredns-674b8bbfcf-qkpbp,30583129-4f31-436a-89f5-be5f8bad94c1
2025-07-12 05:44:28,1,kube_pod_container_status_restarts_total,coredns,10.244.1.4:8080,prometheus.scrape.annotated_pods,kube-system,coredns-674b8bbfcf-qkpbp,30583129-4f31-436a-89f5-be5f8bad94c1
2025-07-12 05:45:28,1,kube_pod_container_status_restarts_total,coredns,10.244.1.4:8080,prometheus.scrape.annotated_pods,kube-system,coredns-674b8bbfcf-qkpbp,30583129-4f31-436a-89f5-be5f8bad94c1
2025-07-12 05:46:28,1,kube_pod_container_status_restarts_total,coredns,10.244.1.4:8080,prometheus.scrape.annotated_pods,kube-system,coredns-674b8bbfcf-qkpbp,30583129-4f31-436a-89f5-be5f8bad94c1
2025-07-12 05:47:28,1,kube_pod_container_status_restarts_total,coredns,10.244.1.4:8080,prometheus.scrape.annotated_pods,kube-system,coredns-674b8bbfcf-qkpbp,30583129-4f31-436a-89f5-be5f8bad94c1
2025-07-12 05:48:28,1,kube_pod_container_status_restarts_total,coredns,10.244.1.4:8080,prometheus.scrape.annotated_pods,kube-system,coredns-674b8bbfcf-qkpbp,30583129-4f31-436a-89f5-be5f8bad94c1
2025-07-12 05:49:28,1,kube_pod_container_status_restarts_total,coredns,10.244.1.4:8080,prometheus.scrape.annotated_pods,kube-system,coredns-674b8bbfcf-qkpbp,30583129-4f31-436a-89f5-be5f8bad94c1
2025-07-12 05:50:28,1,kube_pod_container_status_restarts_total,coredns,10.244.1.4:8080,prometheus.scrape.annotated_pods,kube-system,coredns-674b8bbfcf-qkpbp,30583129-4f31-436a-89f5-be5f8bad94c1
2025-07-12 05:51:28,1,kube_pod_container_status_restarts_total,coredns,10.244.1.4:8080,prometheus.scrape.annotated_pods,kube-system,coredns-674b8bbfcf-qkpbp,30583129-4f31-436a-89f5-be5f8bad94c1
2025-07-12 05:52:28,1,kube_pod_container_status_restarts_total,coredns,10.244.1.4:8080,prometheus.scrape.annotated_pods,kube-system,coredns-674b8bbfcf-qkpbp,30583129-4f31-436a-89f5-be5f8bad94c1
2025-07-12 05:53:28,1,kube_pod_container_status_restarts_total,coredns,10.244.1.4:8080,prometheus.scrape.annotated_pods,kube-system,coredns-674b8bbfcf-qkpbp,30583129-4f31-436a-89f5-be5f8bad94c1
2025-07-12 05:54:28,1,kube_pod_container_status_restarts_total,coredns,10.244.1.4:8080,prometheus.scrape.annotated_pods,kube-system,coredns-674b8bbfcf-qkpbp,30583129-4f31-436a-89f5-be5f8bad94c1
2025-07-12 05:55:28,1,kube_pod_container_status_restarts_total,coredns,10.244.1.4:8080,prometheus.scrape.annotated_pods,kube-system,coredns-674b8bbfcf-qkpbp,30583129-4f31-436a-89f5-be5f8bad94c1
2025-07-12 05:56:28,1,kube_pod_container_status_restarts_total,coredns,10.244.1.4:8080,prometheus.scrape.annotated_pods,kube-system,coredns-674b8bbfcf-qkpbp,30583129-4f31-436a-89f5-be5f8bad94c1
2025-07-12 05:57:28,1,kube_pod_container_status_restarts_total,coredns,10.244.1.4:8080,prometheus.scrape.annotated_pods,kube-system,coredns-674b8bbfcf-qkpbp,30583129-4f31-436a-89f5-be5f8bad94c1
2025-07-12 05:58:28,1,kube_pod_container_status_restarts_total,coredns,10.244.1.4:8080,prometheus.scrape.annotated_pods,kube-system,coredns-674b8bbfcf-qkpbp,30583129-4f31-436a-89f5-be5f8bad94c1
2025-07-12 05:59:28,1,kube_pod_container_status_restarts_total,coredns,10.244.1.4:8080,prometheus.scrape.annotated_pods,kube-system,coredns-674b8bbfcf-qkpbp,30583129-4f31-436a-89f5-be5f8bad94c1
2025-07-12 06:00:28,1,kube_pod_container_status_restarts_total,coredns,10.244.1.4:8080,prometheus.scrape.annotated_pods,kube-system,coredns-674b8bbfcf-qkpbp,30583129-4f31-436a-89f5-be5f8bad94c1
2025-07-12 06:01:28,1,kube_pod_container_status_restarts_total,coredns,10.244.1.4:8080,prometheus.scrape.annotated_pods,kube-system,coredns-674b8bbfcf-qkpbp,30583129-4f31-436a-89f5-be5f8bad94c1
2025-07-12 06:02:28,1,kube_pod_container_status_restarts_total,coredns,10.244.1.4:8080,prometheus.scrape.annotated_pods,kube-system,coredns-674b8bbfcf-qkpbp,30583129-4f31-436a-89f5-be5f8bad94c1
2025-07-12 06:03:28,1,kube_pod_container_status_restarts_total,coredns,10.244.1.4:8080,prometheus.scrape.annotated_pods,kube-system,coredns-674b8bbfcf-qkpbp,30583129-4f31-436a-89f5-be5f8bad94c1
2025-07-12 06:04:28,1,kube_pod_container_status_restarts_total,coredns,10.244.1.4:8080,prometheus.scrape.annotated_pods,kube-system,coredns-674b8bbfcf-qkpbp,30583129-4f31-436a-89f5-be5f8bad94c1
2025-07-12 06:05:28,1,kube_pod_container_status_restarts_total,coredns,10.244.1.4:8080,prometheus.scrape.annotated_pods,kube-system,coredns-674b8bbfcf-qkpbp,30583129-4f31-436a-89f5-be5f8bad94c1
2025-07-12 06:06:28,1,kube_pod_container_status_restarts_total,coredns,10.244.1.4:8080,prometheus.scrape.annotated_pods,kube-system,coredns-674b8bbfcf-qkpbp,30583129-4f31-436a-89f5-be5f8bad94c1
2025-07-12 06:07:28,1,kube_pod_container_status_restarts_total,coredns,10.244.1.4:8080,prometheus.scrape.annotated_pods,kube-system,coredns-674b8bbfcf-qkpbp,30583129-4f31-436a-89f5-be5f8bad94c1
2025-07-12 06:08:28,1,kube_pod_container_status_restarts_total,coredns,10.244.1.4:8080,prometheus.scrape.annotated_pods,kube-system,coredns-674b8bbfcf-qkpbp,30583129-4f31-436a-89f5-be5f8bad94c1
2025-07-12 06:09:28,1,kube_pod_container_status_restarts_total,coredns,10.244.1.4:8080,prometheus.scrape.annotated_pods,kube-system,coredns-674b8bbfcf-qkpbp,30583129-4f31-436a-89f5-be5f8bad94c1
2025-07-12 06:10:28,1,kube_pod_container_status_restarts_total,coredns,10.244.1.4:8080,prometheus.scrape.annotated_pods,kube-system,coredns-674b8bbfcf-qkpbp,30583129-4f31-436a-89f5-be5f8bad94c1
2025-07-12 06:11:28,1,kube_pod_container_status_restarts_total,coredns,10.244.1.4:8080,prometheus.scrape.annotated_pods,kube-system,coredns-674b8bbfcf-qkpbp,30583129-4f31-436a-89f5-be5f8bad94c1
2025-07-12 06:12:28,1,kube_pod_container_status_restarts_total,coredns,10.244.1.4:8080,prometheus.scrape.annotated_pods,kube-system,coredns-674b8bbfcf-qkpbp,30583129-4f31-436a-89f5-be5f8bad94c1
2025-07-12 06:13:28,1,kube_pod_container_status_restarts_total,coredns,10.244.1.4:8080,prometheus.scrape.annotated_pods,kube-system,coredns-674b8bbfcf-qkpbp,30583129-4f31-436a-89f5-be5f8bad94c1
2025-07-12 05:30:28,1,kube_pod_container_status_restarts_total,coredns,kube-state-metrics.nimbusguard.svc:8080,prometheus.scrape.kube_state_metrics,kube-system,coredns-674b8bbfcf-9wdx5,15bdfa5d-63a5-4447-bcc7-89cfe6d6a8af
2025-07-12 05:31:28,1,kube_pod_container_status_restarts_total,coredns,kube-state-metrics.nimbusguard.svc:8080,prometheus.scrape.kube_state_metrics,kube-system,coredns-674b8bbfcf-9wdx5,15bdfa5d-63a5-4447-bcc7-89cfe6d6a8af
2025-07-12 05:32:28,1,kube_pod_container_status_restarts_total,coredns,kube-state-metrics.nimbusguard.svc:8080,prometheus.scrape.kube_state_metrics,kube-system,coredns-674b8bbfcf-9wdx5,15bdfa5d-63a5-4447-bcc7-89cfe6d6a8af
2025-07-12 05:33:28,1,kube_pod_container_status_restarts_total,coredns,kube-state-metrics.nimbusguard.svc:8080,prometheus.scrape.kube_state_metrics,kube-system,coredns-674b8bbfcf-9wdx5,15bdfa5d-63a5-4447-bcc7-89cfe6d6a8af
2025-07-12 05:34:28,1,kube_pod_container_status_restarts_total,coredns,kube-state-metrics.nimbusguard.svc:8080,prometheus.scrape.kube_state_metrics,kube-system,coredns-674b8bbfcf-9wdx5,15bdfa5d-63a5-4447-bcc7-89cfe6d6a8af
2025-07-12 05:35:28,1,kube_pod_container_status_restarts_total,coredns,kube-state-metrics.nimbusguard.svc:8080,prometheus.scrape.kube_state_metrics,kube-system,coredns-674b8bbfcf-9wdx5,15bdfa5d-63a5-4447-bcc7-89cfe6d6a8af
2025-07-12 05:36:28,1,kube_pod_container_status_restarts_total,coredns,kube-state-metrics.nimbusguard.svc:8080,prometheus.scrape.kube_state_metrics,kube-system,coredns-674b8bbfcf-9wdx5,15bdfa5d-63a5-4447-bcc7-89cfe6d6a8af
2025-07-12 05:37:28,1,kube_pod_container_status_restarts_total,coredns,kube-state-metrics.nimbusguard.svc:8080,prometheus.scrape.kube_state_metrics,kube-system,coredns-674b8bbfcf-9wdx5,15bdfa5d-63a5-4447-bcc7-89cfe6d6a8af
2025-07-12 05:38:28,1,kube_pod_container_status_restarts_total,coredns,kube-state-metrics.nimbusguard.svc:8080,prometheus.scrape.kube_state_metrics,kube-system,coredns-674b8bbfcf-9wdx5,15bdfa5d-63a5-4447-bcc7-89cfe6d6a8af
2025-07-12 05:39:28,1,kube_pod_container_status_restarts_total,coredns,kube-state-metrics.nimbusguard.svc:8080,prometheus.scrape.kube_state_metrics,kube-system,coredns-674b8bbfcf-9wdx5,15bdfa5d-63a5-4447-bcc7-89cfe6d6a8af
2025-07-12 05:40:28,1,kube_pod_container_status_restarts_total,coredns,kube-state-metrics.nimbusguard.svc:8080,prometheus.scrape.kube_state_metrics,kube-system,coredns-674b8bbfcf-9wdx5,15bdfa5d-63a5-4447-bcc7-89cfe6d6a8af
2025-07-12 05:41:28,1,kube_pod_container_status_restarts_total,coredns,kube-state-metrics.nimbusguard.svc:8080,prometheus.scrape.kube_state_metrics,kube-system,coredns-674b8bbfcf-9wdx5,15bdfa5d-63a5-4447-bcc7-89cfe6d6a8af
2025-07-12 05:42:28,1,kube_pod_container_status_restarts_total,coredns,kube-state-metrics.nimbusguard.svc:8080,prometheus.scrape.kube_state_metrics,kube-system,coredns-674b8bbfcf-9wdx5,15bdfa5d-63a5-4447-bcc7-89cfe6d6a8af
2025-07-12 05:43:28,1,kube_pod_container_status_restarts_total,coredns,kube-state-metrics.nimbusguard.svc:8080,prometheus.scrape.kube_state_metrics,kube-system,coredns-674b8bbfcf-9wdx5,15bdfa5d-63a5-4447-bcc7-89cfe6d6a8af
2025-07-12 05:44:28,1,kube_pod_container_status_restarts_total,coredns,kube-state-metrics.nimbusguard.svc:8080,prometheus.scrape.kube_state_metrics,kube-system,coredns-674b8bbfcf-9wdx5,15bdfa5d-63a5-4447-bcc7-89cfe6d6a8af
2025-07-12 05:45:28,1,kube_pod_container_status_restarts_total,coredns,kube-state-metrics.nimbusguard.svc:8080,prometheus.scrape.kube_state_metrics,kube-system,coredns-674b8bbfcf-9wdx5,15bdfa5d-63a5-4447-bcc7-89cfe6d6a8af
2025-07-12 05:46:28,1,kube_pod_container_status_restarts_total,coredns,kube-state-metrics.nimbusguard.svc:8080,prometheus.scrape.kube_state_metrics,kube-system,coredns-674b8bbfcf-9wdx5,15bdfa5d-63a5-4447-bcc7-89cfe6d6a8af
2025-07-12 05:47:28,1,kube_pod_container_status_restarts_total,coredns,kube-state-metrics.nimbusguard.svc:8080,prometheus.scrape.kube_state_metrics,kube-system,coredns-674b8bbfcf-9wdx5,15bdfa5d-63a5-4447-bcc7-89cfe6d6a8af
2025-07-12 05:48:28,1,kube_pod_container_status_restarts_total,coredns,kube-state-metrics.nimbusguard.svc:8080,prometheus.scrape.kube_state_metrics,kube-system,coredns-674b8bbfcf-9wdx5,15bdfa5d-63a5-4447-bcc7-89cfe6d6a8af
2025-07-12 05:49:28,1,kube_pod_container_status_restarts_total,coredns,kube-state-metrics.nimbusguard.svc:8080,prometheus.scrape.kube_state_metrics,kube-system,coredns-674b8bbfcf-9wdx5,15bdfa5d-63a5-4447-bcc7-89cfe6d6a8af
2025-07-12 05:50:28,1,kube_pod_container_status_restarts_total,coredns,kube-state-metrics.nimbusguard.svc:8080,prometheus.scrape.kube_state_metrics,kube-system,coredns-674b8bbfcf-9wdx5,15bdfa5d-63a5-4447-bcc7-89cfe6d6a8af
2025-07-12 05:51:28,1,kube_pod_container_status_restarts_total,coredns,kube-state-metrics.nimbusguard.svc:8080,prometheus.scrape.kube_state_metrics,kube-system,coredns-674b8bbfcf-9wdx5,15bdfa5d-63a5-4447-bcc7-89cfe6d6a8af
2025-07-12 05:52:28,1,kube_pod_container_status_restarts_total,coredns,kube-state-metrics.nimbusguard.svc:8080,prometheus.scrape.kube_state_metrics,kube-system,coredns-674b8bbfcf-9wdx5,15bdfa5d-63a5-4447-bcc7-89cfe6d6a8af
2025-07-12 05:53:28,1,kube_pod_container_status_restarts_total,coredns,kube-state-metrics.nimbusguard.svc:8080,prometheus.scrape.kube_state_metrics,kube-system,coredns-674b8bbfcf-9wdx5,15bdfa5d-63a5-4447-bcc7-89cfe6d6a8af
2025-07-12 05:54:28,1,kube_pod_container_status_restarts_total,coredns,kube-state-metrics.nimbusguard.svc:8080,prometheus.scrape.kube_state_metrics,kube-system,coredns-674b8bbfcf-9wdx5,15bdfa5d-63a5-4447-bcc7-89cfe6d6a8af
2025-07-12 05:55:28,1,kube_pod_container_status_restarts_total,coredns,kube-state-metrics.nimbusguard.svc:8080,prometheus.scrape.kube_state_metrics,kube-system,coredns-674b8bbfcf-9wdx5,15bdfa5d-63a5-4447-bcc7-89cfe6d6a8af
2025-07-12 05:56:28,1,kube_pod_container_status_restarts_total,coredns,kube-state-metrics.nimbusguard.svc:8080,prometheus.scrape.kube_state_metrics,kube-system,coredns-674b8bbfcf-9wdx5,15bdfa5d-63a5-4447-bcc7-89cfe6d6a8af
2025-07-12 05:57:28,1,kube_pod_container_status_restarts_total,coredns,kube-state-metrics.nimbusguard.svc:8080,prometheus.scrape.kube_state_metrics,kube-system,coredns-674b8bbfcf-9wdx5,15bdfa5d-63a5-4447-bcc7-89cfe6d6a8af
2025-07-12 05:58:28,1,kube_pod_container_status_restarts_total,coredns,kube-state-metrics.nimbusguard.svc:8080,prometheus.scrape.kube_state_metrics,kube-system,coredns-674b8bbfcf-9wdx5,15bdfa5d-63a5-4447-bcc7-89cfe6d6a8af
2025-07-12 05:59:28,1,kube_pod_container_status_restarts_total,coredns,kube-state-metrics.nimbusguard.svc:8080,prometheus.scrape.kube_state_metrics,kube-system,coredns-674b8bbfcf-9wdx5,15bdfa5d-63a5-4447-bcc7-89cfe6d6a8af
2025-07-12 06:00:28,1,kube_pod_container_status_restarts_total,coredns,kube-state-metrics.nimbusguard.svc:8080,prometheus.scrape.kube_state_metrics,kube-system,coredns-674b8bbfcf-9wdx5,15bdfa5d-63a5-4447-bcc7-89cfe6d6a8af
2025-07-12 06:01:28,1,kube_pod_container_status_restarts_total,coredns,kube-state-metrics.nimbusguard.svc:8080,prometheus.scrape.kube_state_metrics,kube-system,coredns-674b8bbfcf-9wdx5,15bdfa5d-63a5-4447-bcc7-89cfe6d6a8af
2025-07-12 06:02:28,1,kube_pod_container_status_restarts_total,coredns,kube-state-metrics.nimbusguard.svc:8080,prometheus.scrape.kube_state_metrics,kube-system,coredns-674b8bbfcf-9wdx5,15bdfa5d-63a5-4447-bcc7-89cfe6d6a8af
2025-07-12 06:03:28,1,kube_pod_container_status_restarts_total,coredns,kube-state-metrics.nimbusguard.svc:8080,prometheus.scrape.kube_state_metrics,kube-system,coredns-674b8bbfcf-9wdx5,15bdfa5d-63a5-4447-bcc7-89cfe6d6a8af
2025-07-12 06:04:28,1,kube_pod_container_status_restarts_total,coredns,kube-state-metrics.nimbusguard.svc:8080,prometheus.scrape.kube_state_metrics,kube-system,coredns-674b8bbfcf-9wdx5,15bdfa5d-63a5-4447-bcc7-89cfe6d6a8af
2025-07-12 06:05:28,1,kube_pod_container_status_restarts_total,coredns,kube-state-metrics.nimbusguard.svc:8080,prometheus.scrape.kube_state_metrics,kube-system,coredns-674b8bbfcf-9wdx5,15bdfa5d-63a5-4447-bcc7-89cfe6d6a8af
2025-07-12 06:06:28,1,kube_pod_container_status_restarts_total,coredns,kube-state-metrics.nimbusguard.svc:8080,prometheus.scrape.kube_state_metrics,kube-system,coredns-674b8bbfcf-9wdx5,15bdfa5d-63a5-4447-bcc7-89cfe6d6a8af
2025-07-12 06:07:28,1,kube_pod_container_status_restarts_total,coredns,kube-state-metrics.nimbusguard.svc:8080,prometheus.scrape.kube_state_metrics,kube-system,coredns-674b8bbfcf-9wdx5,15bdfa5d-63a5-4447-bcc7-89cfe6d6a8af
2025-07-12 06:08:28,1,kube_pod_container_status_restarts_total,coredns,kube-state-metrics.nimbusguard.svc:8080,prometheus.scrape.kube_state_metrics,kube-system,coredns-674b8bbfcf-9wdx5,15bdfa5d-63a5-4447-bcc7-89cfe6d6a8af
2025-07-12 06:09:28,1,kube_pod_container_status_restarts_total,coredns,kube-state-metrics.nimbusguard.svc:8080,prometheus.scrape.kube_state_metrics,kube-system,coredns-674b8bbfcf-9wdx5,15bdfa5d-63a5-4447-bcc7-89cfe6d6a8af
2025-07-12 06:10:28,1,kube_pod_container_status_restarts_total,coredns,kube-state-metrics.nimbusguard.svc:8080,prometheus.scrape.kube_state_metrics,kube-system,coredns-674b8bbfcf-9wdx5,15bdfa5d-63a5-4447-bcc7-89cfe6d6a8af
2025-07-12 06:11:28,1,kube_pod_container_status_restarts_total,coredns,kube-state-metrics.nimbusguard.svc:8080,prometheus.scrape.kube_state_metrics,kube-system,coredns-674b8bbfcf-9wdx5,15bdfa5d-63a5-4447-bcc7-89cfe6d6a8af
2025-07-12 06:12:28,1,kube_pod_container_status_restarts_total,coredns,kube-state-metrics.nimbusguard.svc:8080,prometheus.scrape.kube_state_metrics,kube-system,coredns-674b8bbfcf-9wdx5,15bdfa5d-63a5-4447-bcc7-89cfe6d6a8af
2025-07-12 06:13:28,1,kube_pod_container_status_restarts_total,coredns,kube-state-metrics.nimbusguard.svc:8080,prometheus.scrape.kube_state_metrics,kube-system,coredns-674b8bbfcf-9wdx5,15bdfa5d-63a5-4447-bcc7-89cfe6d6a8af
2025-07-12 05:30:28,1,kube_pod_container_status_restarts_total,coredns,kube-state-metrics.nimbusguard.svc:8080,prometheus.scrape.kube_state_metrics,kube-system,coredns-674b8bbfcf-qkpbp,30583129-4f31-436a-89f5-be5f8bad94c1
2025-07-12 05:31:28,1,kube_pod_container_status_restarts_total,coredns,kube-state-metrics.nimbusguard.svc:8080,prometheus.scrape.kube_state_metrics,kube-system,coredns-674b8bbfcf-qkpbp,30583129-4f31-436a-89f5-be5f8bad94c1
2025-07-12 05:32:28,1,kube_pod_container_status_restarts_total,coredns,kube-state-metrics.nimbusguard.svc:8080,prometheus.scrape.kube_state_metrics,kube-system,coredns-674b8bbfcf-qkpbp,30583129-4f31-436a-89f5-be5f8bad94c1
2025-07-12 05:33:28,1,kube_pod_container_status_restarts_total,coredns,kube-state-metrics.nimbusguard.svc:8080,prometheus.scrape.kube_state_metrics,kube-system,coredns-674b8bbfcf-qkpbp,30583129-4f31-436a-89f5-be5f8bad94c1
2025-07-12 05:34:28,1,kube_pod_container_status_restarts_total,coredns,kube-state-metrics.nimbusguard.svc:8080,prometheus.scrape.kube_state_metrics,kube-system,coredns-674b8bbfcf-qkpbp,30583129-4f31-436a-89f5-be5f8bad94c1
2025-07-12 05:35:28,1,kube_pod_container_status_restarts_total,coredns,kube-state-metrics.nimbusguard.svc:8080,prometheus.scrape.kube_state_metrics,kube-system,coredns-674b8bbfcf-qkpbp,30583129-4f31-436a-89f5-be5f8bad94c1
2025-07-12 05:36:28,1,kube_pod_container_status_restarts_total,coredns,kube-state-metrics.nimbusguard.svc:8080,prometheus.scrape.kube_state_metrics,kube-system,coredns-674b8bbfcf-qkpbp,30583129-4f31-436a-89f5-be5f8bad94c1
2025-07-12 05:37:28,1,kube_pod_container_status_restarts_total,coredns,kube-state-metrics.nimbusguard.svc:8080,prometheus.scrape.kube_state_metrics,kube-system,coredns-674b8bbfcf-qkpbp,30583129-4f31-436a-89f5-be5f8bad94c1
2025-07-12 05:38:28,1,kube_pod_container_status_restarts_total,coredns,kube-state-metrics.nimbusguard.svc:8080,prometheus.scrape.kube_state_metrics,kube-system,coredns-674b8bbfcf-qkpbp,30583129-4f31-436a-89f5-be5f8bad94c1
2025-07-12 05:39:28,1,kube_pod_container_status_restarts_total,coredns,kube-state-metrics.nimbusguard.svc:8080,prometheus.scrape.kube_state_metrics,kube-system,coredns-674b8bbfcf-qkpbp,30583129-4f31-436a-89f5-be5f8bad94c1
2025-07-12 05:40:28,1,kube_pod_container_status_restarts_total,coredns,kube-state-metrics.nimbusguard.svc:8080,prometheus.scrape.kube_state_metrics,kube-system,coredns-674b8bbfcf-qkpbp,30583129-4f31-436a-89f5-be5f8bad94c1
2025-07-12 05:41:28,1,kube_pod_container_status_restarts_total,coredns,kube-state-metrics.nimbusguard.svc:8080,prometheus.scrape.kube_state_metrics,kube-system,coredns-674b8bbfcf-qkpbp,30583129-4f31-436a-89f5-be5f8bad94c1
2025-07-12 05:42:28,1,kube_pod_container_status_restarts_total,coredns,kube-state-metrics.nimbusguard.svc:8080,prometheus.scrape.kube_state_metrics,kube-system,coredns-674b8bbfcf-qkpbp,30583129-4f31-436a-89f5-be5f8bad94c1
2025-07-12 05:43:28,1,kube_pod_container_status_restarts_total,coredns,kube-state-metrics.nimbusguard.svc:8080,prometheus.scrape.kube_state_metrics,kube-system,coredns-674b8bbfcf-qkpbp,30583129-4f31-436a-89f5-be5f8bad94c1
2025-07-12 05:44:28,1,kube_pod_container_status_restarts_total,coredns,kube-state-metrics.nimbusguard.svc:8080,prometheus.scrape.kube_state_metrics,kube-system,coredns-674b8bbfcf-qkpbp,30583129-4f31-436a-89f5-be5f8bad94c1
2025-07-12 05:45:28,1,kube_pod_container_status_restarts_total,coredns,kube-state-metrics.nimbusguard.svc:8080,prometheus.scrape.kube_state_metrics,kube-system,coredns-674b8bbfcf-qkpbp,30583129-4f31-436a-89f5-be5f8bad94c1
2025-07-12 05:46:28,1,kube_pod_container_status_restarts_total,coredns,kube-state-metrics.nimbusguard.svc:8080,prometheus.scrape.kube_state_metrics,kube-system,coredns-674b8bbfcf-qkpbp,30583129-4f31-436a-89f5-be5f8bad94c1
2025-07-12 05:47:28,1,kube_pod_container_status_restarts_total,coredns,kube-state-metrics.nimbusguard.svc:8080,prometheus.scrape.kube_state_metrics,kube-system,coredns-674b8bbfcf-qkpbp,30583129-4f31-436a-89f5-be5f8bad94c1
2025-07-12 05:48:28,1,kube_pod_container_status_restarts_total,coredns,kube-state-metrics.nimbusguard.svc:8080,prometheus.scrape.kube_state_metrics,kube-system,coredns-674b8bbfcf-qkpbp,30583129-4f31-436a-89f5-be5f8bad94c1
2025-07-12 05:49:28,1,kube_pod_container_status_restarts_total,coredns,kube-state-metrics.nimbusguard.svc:8080,prometheus.scrape.kube_state_metrics,kube-system,coredns-674b8bbfcf-qkpbp,30583129-4f31-436a-89f5-be5f8bad94c1
2025-07-12 05:50:28,1,kube_pod_container_status_restarts_total,coredns,kube-state-metrics.nimbusguard.svc:8080,prometheus.scrape.kube_state_metrics,kube-system,coredns-674b8bbfcf-qkpbp,30583129-4f31-436a-89f5-be5f8bad94c1
2025-07-12 05:51:28,1,kube_pod_container_status_restarts_total,coredns,kube-state-metrics.nimbusguard.svc:8080,prometheus.scrape.kube_state_metrics,kube-system,coredns-674b8bbfcf-qkpbp,30583129-4f31-436a-89f5-be5f8bad94c1
2025-07-12 05:52:28,1,kube_pod_container_status_restarts_total,coredns,kube-state-metrics.nimbusguard.svc:8080,prometheus.scrape.kube_state_metrics,kube-system,coredns-674b8bbfcf-qkpbp,30583129-4f31-436a-89f5-be5f8bad94c1
2025-07-12 05:53:28,1,kube_pod_container_status_restarts_total,coredns,kube-state-metrics.nimbusguard.svc:8080,prometheus.scrape.kube_state_metrics,kube-system,coredns-674b8bbfcf-qkpbp,30583129-4f31-436a-89f5-be5f8bad94c1
2025-07-12 05:54:28,1,kube_pod_container_status_restarts_total,coredns,kube-state-metrics.nimbusguard.svc:8080,prometheus.scrape.kube_state_metrics,kube-system,coredns-674b8bbfcf-qkpbp,30583129-4f31-436a-89f5-be5f8bad94c1
2025-07-12 05:55:28,1,kube_pod_container_status_restarts_total,coredns,kube-state-metrics.nimbusguard.svc:8080,prometheus.scrape.kube_state_metrics,kube-system,coredns-674b8bbfcf-qkpbp,30583129-4f31-436a-89f5-be5f8bad94c1
2025-07-12 05:56:28,1,kube_pod_container_status_restarts_total,coredns,kube-state-metrics.nimbusguard.svc:8080,prometheus.scrape.kube_state_metrics,kube-system,coredns-674b8bbfcf-qkpbp,30583129-4f31-436a-89f5-be5f8bad94c1
2025-07-12 05:57:28,1,kube_pod_container_status_restarts_total,coredns,kube-state-metrics.nimbusguard.svc:8080,prometheus.scrape.kube_state_metrics,kube-system,coredns-674b8bbfcf-qkpbp,30583129-4f31-436a-89f5-be5f8bad94c1
2025-07-12 05:58:28,1,kube_pod_container_status_restarts_total,coredns,kube-state-metrics.nimbusguard.svc:8080,prometheus.scrape.kube_state_metrics,kube-system,coredns-674b8bbfcf-qkpbp,30583129-4f31-436a-89f5-be5f8bad94c1
2025-07-12 05:59:28,1,kube_pod_container_status_restarts_total,coredns,kube-state-metrics.nimbusguard.svc:8080,prometheus.scrape.kube_state_metrics,kube-system,coredns-674b8bbfcf-qkpbp,30583129-4f31-436a-89f5-be5f8bad94c1
2025-07-12 06:00:28,1,kube_pod_container_status_restarts_total,coredns,kube-state-metrics.nimbusguard.svc:8080,prometheus.scrape.kube_state_metrics,kube-system,coredns-674b8bbfcf-qkpbp,30583129-4f31-436a-89f5-be5f8bad94c1
2025-07-12 06:01:28,1,kube_pod_container_status_restarts_total,coredns,kube-state-metrics.nimbusguard.svc:8080,prometheus.scrape.kube_state_metrics,kube-system,coredns-674b8bbfcf-qkpbp,30583129-4f31-436a-89f5-be5f8bad94c1
2025-07-12 06:02:28,1,kube_pod_container_status_restarts_total,coredns,kube-state-metrics.nimbusguard.svc:8080,prometheus.scrape.kube_state_metrics,kube-system,coredns-674b8bbfcf-qkpbp,30583129-4f31-436a-89f5-be5f8bad94c1
2025-07-12 06:03:28,1,kube_pod_container_status_restarts_total,coredns,kube-state-metrics.nimbusguard.svc:8080,prometheus.scrape.kube_state_metrics,kube-system,coredns-674b8bbfcf-qkpbp,30583129-4f31-436a-89f5-be5f8bad94c1
2025-07-12 06:04:28,1,kube_pod_container_status_restarts_total,coredns,kube-state-metrics.nimbusguard.svc:8080,prometheus.scrape.kube_state_metrics,kube-system,coredns-674b8bbfcf-qkpbp,30583129-4f31-436a-89f5-be5f8bad94c1
2025-07-12 06:05:28,1,kube_pod_container_status_restarts_total,coredns,kube-state-metrics.nimbusguard.svc:8080,prometheus.scrape.kube_state_metrics,kube-system,coredns-674b8bbfcf-qkpbp,30583129-4f31-436a-89f5-be5f8bad94c1
2025-07-12 06:06:28,1,kube_pod_container_status_restarts_total,coredns,kube-state-metrics.nimbusguard.svc:8080,prometheus.scrape.kube_state_metrics,kube-system,coredns-674b8bbfcf-qkpbp,30583129-4f31-436a-89f5-be5f8bad94c1
2025-07-12 06:07:28,1,kube_pod_container_status_restarts_total,coredns,kube-state-metrics.nimbusguard.svc:8080,prometheus.scrape.kube_state_metrics,kube-system,coredns-674b8bbfcf-qkpbp,30583129-4f31-436a-89f5-be5f8bad94c1
2025-07-12 06:08:28,1,kube_pod_container_status_restarts_total,coredns,kube-state-metrics.nimbusguard.svc:8080,prometheus.scrape.kube_state_metrics,kube-system,coredns-674b8bbfcf-qkpbp,30583129-4f31-436a-89f5-be5f8bad94c1
2025-07-12 06:09:28,1,kube_pod_container_status_restarts_total,coredns,kube-state-metrics.nimbusguard.svc:8080,prometheus.scrape.kube_state_metrics,kube-system,coredns-674b8bbfcf-qkpbp,30583129-4f31-436a-89f5-be5f8bad94c1
2025-07-12 06:10:28,1,kube_pod_container_status_restarts_total,coredns,kube-state-metrics.nimbusguard.svc:8080,prometheus.scrape.kube_state_metrics,kube-system,coredns-674b8bbfcf-qkpbp,30583129-4f31-436a-89f5-be5f8bad94c1
2025-07-12 06:11:28,1,kube_pod_container_status_restarts_total,coredns,kube-state-metrics.nimbusguard.svc:8080,prometheus.scrape.kube_state_metrics,kube-system,coredns-674b8bbfcf-qkpbp,30583129-4f31-436a-89f5-be5f8bad94c1
2025-07-12 06:12:28,1,kube_pod_container_status_restarts_total,coredns,kube-state-metrics.nimbusguard.svc:8080,prometheus.scrape.kube_state_metrics,kube-system,coredns-674b8bbfcf-qkpbp,30583129-4f31-436a-89f5-be5f8bad94c1
2025-07-12 06:13:28,1,kube_pod_container_status_restarts_total,coredns,kube-state-metrics.nimbusguard.svc:8080,prometheus.scrape.kube_state_metrics,kube-system,coredns-674b8bbfcf-qkpbp,30583129-4f31-436a-89f5-be5f8bad94c1
2025-07-12 05:29:28,1,kube_pod_container_status_restarts_total,etcd,10.244.1.4:8080,prometheus.scrape.annotated_pods,kube-system,etcd-desktop-control-plane,b022858c-d37b-4a7a-a8f2-f34042d5d9af
2025-07-12 05:30:28,1,kube_pod_container_status_restarts_total,etcd,10.244.1.4:8080,prometheus.scrape.annotated_pods,kube-system,etcd-desktop-control-plane,b022858c-d37b-4a7a-a8f2-f34042d5d9af
2025-07-12 05:31:28,1,kube_pod_container_status_restarts_total,etcd,10.244.1.4:8080,prometheus.scrape.annotated_pods,kube-system,etcd-desktop-control-plane,b022858c-d37b-4a7a-a8f2-f34042d5d9af
2025-07-12 05:32:28,1,kube_pod_container_status_restarts_total,etcd,10.244.1.4:8080,prometheus.scrape.annotated_pods,kube-system,etcd-desktop-control-plane,b022858c-d37b-4a7a-a8f2-f34042d5d9af
2025-07-12 05:33:28,1,kube_pod_container_status_restarts_total,etcd,10.244.1.4:8080,prometheus.scrape.annotated_pods,kube-system,etcd-desktop-control-plane,b022858c-d37b-4a7a-a8f2-f34042d5d9af
2025-07-12 05:34:28,1,kube_pod_container_status_restarts_total,etcd,10.244.1.4:8080,prometheus.scrape.annotated_pods,kube-system,etcd-desktop-control-plane,b022858c-d37b-4a7a-a8f2-f34042d5d9af
2025-07-12 05:35:28,1,kube_pod_container_status_restarts_total,etcd,10.244.1.4:8080,prometheus.scrape.annotated_pods,kube-system,etcd-desktop-control-plane,b022858c-d37b-4a7a-a8f2-f34042d5d9af
2025-07-12 05:36:28,1,kube_pod_container_status_restarts_total,etcd,10.244.1.4:8080,prometheus.scrape.annotated_pods,kube-system,etcd-desktop-control-plane,b022858c-d37b-4a7a-a8f2-f34042d5d9af
2025-07-12 05:37:28,1,kube_pod_container_status_restarts_total,etcd,10.244.1.4:8080,prometheus.scrape.annotated_pods,kube-system,etcd-desktop-control-plane,b022858c-d37b-4a7a-a8f2-f34042d5d9af
2025-07-12 05:38:28,1,kube_pod_container_status_restarts_total,etcd,10.244.1.4:8080,prometheus.scrape.annotated_pods,kube-system,etcd-desktop-control-plane,b022858c-d37b-4a7a-a8f2-f34042d5d9af
2025-07-12 05:39:28,1,kube_pod_container_status_restarts_total,etcd,10.244.1.4:8080,prometheus.scrape.annotated_pods,kube-system,etcd-desktop-control-plane,b022858c-d37b-4a7a-a8f2-f34042d5d9af
2025-07-12 05:40:28,1,kube_pod_container_status_restarts_total,etcd,10.244.1.4:8080,prometheus.scrape.annotated_pods,kube-system,etcd-desktop-control-plane,b022858c-d37b-4a7a-a8f2-f34042d5d9af
2025-07-12 05:41:28,1,kube_pod_container_status_restarts_total,etcd,10.244.1.4:8080,prometheus.scrape.annotated_pods,kube-system,etcd-desktop-control-plane,b022858c-d37b-4a7a-a8f2-f34042d5d9af
2025-07-12 05:42:28,1,kube_pod_container_status_restarts_total,etcd,10.244.1.4:8080,prometheus.scrape.annotated_pods,kube-system,etcd-desktop-control-plane,b022858c-d37b-4a7a-a8f2-f34042d5d9af
2025-07-12 05:43:28,1,kube_pod_container_status_restarts_total,etcd,10.244.1.4:8080,prometheus.scrape.annotated_pods,kube-system,etcd-desktop-control-plane,b022858c-d37b-4a7a-a8f2-f34042d5d9af
2025-07-12 05:44:28,1,kube_pod_container_status_restarts_total,etcd,10.244.1.4:8080,prometheus.scrape.annotated_pods,kube-system,etcd-desktop-control-plane,b022858c-d37b-4a7a-a8f2-f34042d5d9af
2025-07-12 05:45:28,1,kube_pod_container_status_restarts_total,etcd,10.244.1.4:8080,prometheus.scrape.annotated_pods,kube-system,etcd-desktop-control-plane,b022858c-d37b-4a7a-a8f2-f34042d5d9af
2025-07-12 05:46:28,1,kube_pod_container_status_restarts_total,etcd,10.244.1.4:8080,prometheus.scrape.annotated_pods,kube-system,etcd-desktop-control-plane,b022858c-d37b-4a7a-a8f2-f34042d5d9af
2025-07-12 05:47:28,1,kube_pod_container_status_restarts_total,etcd,10.244.1.4:8080,prometheus.scrape.annotated_pods,kube-system,etcd-desktop-control-plane,b022858c-d37b-4a7a-a8f2-f34042d5d9af
2025-07-12 05:48:28,1,kube_pod_container_status_restarts_total,etcd,10.244.1.4:8080,prometheus.scrape.annotated_pods,kube-system,etcd-desktop-control-plane,b022858c-d37b-4a7a-a8f2-f34042d5d9af
2025-07-12 05:49:28,1,kube_pod_container_status_restarts_total,etcd,10.244.1.4:8080,prometheus.scrape.annotated_pods,kube-system,etcd-desktop-control-plane,b022858c-d37b-4a7a-a8f2-f34042d5d9af
2025-07-12 05:50:28,1,kube_pod_container_status_restarts_total,etcd,10.244.1.4:8080,prometheus.scrape.annotated_pods,kube-system,etcd-desktop-control-plane,b022858c-d37b-4a7a-a8f2-f34042d5d9af
2025-07-12 05:51:28,1,kube_pod_container_status_restarts_total,etcd,10.244.1.4:8080,prometheus.scrape.annotated_pods,kube-system,etcd-desktop-control-plane,b022858c-d37b-4a7a-a8f2-f34042d5d9af
2025-07-12 05:52:28,1,kube_pod_container_status_restarts_total,etcd,10.244.1.4:8080,prometheus.scrape.annotated_pods,kube-system,etcd-desktop-control-plane,b022858c-d37b-4a7a-a8f2-f34042d5d9af
2025-07-12 05:53:28,1,kube_pod_container_status_restarts_total,etcd,10.244.1.4:8080,prometheus.scrape.annotated_pods,kube-system,etcd-desktop-control-plane,b022858c-d37b-4a7a-a8f2-f34042d5d9af
2025-07-12 05:54:28,1,kube_pod_container_status_restarts_total,etcd,10.244.1.4:8080,prometheus.scrape.annotated_pods,kube-system,etcd-desktop-control-plane,b022858c-d37b-4a7a-a8f2-f34042d5d9af
2025-07-12 05:55:28,1,kube_pod_container_status_restarts_total,etcd,10.244.1.4:8080,prometheus.scrape.annotated_pods,kube-system,etcd-desktop-control-plane,b022858c-d37b-4a7a-a8f2-f34042d5d9af
2025-07-12 05:56:28,1,kube_pod_container_status_restarts_total,etcd,10.244.1.4:8080,prometheus.scrape.annotated_pods,kube-system,etcd-desktop-control-plane,b022858c-d37b-4a7a-a8f2-f34042d5d9af
2025-07-12 05:57:28,1,kube_pod_container_status_restarts_total,etcd,10.244.1.4:8080,prometheus.scrape.annotated_pods,kube-system,etcd-desktop-control-plane,b022858c-d37b-4a7a-a8f2-f34042d5d9af
2025-07-12 05:58:28,1,kube_pod_container_status_restarts_total,etcd,10.244.1.4:8080,prometheus.scrape.annotated_pods,kube-system,etcd-desktop-control-plane,b022858c-d37b-4a7a-a8f2-f34042d5d9af
2025-07-12 05:59:28,1,kube_pod_container_status_restarts_total,etcd,10.244.1.4:8080,prometheus.scrape.annotated_pods,kube-system,etcd-desktop-control-plane,b022858c-d37b-4a7a-a8f2-f34042d5d9af
2025-07-12 06:00:28,1,kube_pod_container_status_restarts_total,etcd,10.244.1.4:8080,prometheus.scrape.annotated_pods,kube-system,etcd-desktop-control-plane,b022858c-d37b-4a7a-a8f2-f34042d5d9af
2025-07-12 06:01:28,1,kube_pod_container_status_restarts_total,etcd,10.244.1.4:8080,prometheus.scrape.annotated_pods,kube-system,etcd-desktop-control-plane,b022858c-d37b-4a7a-a8f2-f34042d5d9af
2025-07-12 06:02:28,1,kube_pod_container_status_restarts_total,etcd,10.244.1.4:8080,prometheus.scrape.annotated_pods,kube-system,etcd-desktop-control-plane,b022858c-d37b-4a7a-a8f2-f34042d5d9af
2025-07-12 06:03:28,1,kube_pod_container_status_restarts_total,etcd,10.244.1.4:8080,prometheus.scrape.annotated_pods,kube-system,etcd-desktop-control-plane,b022858c-d37b-4a7a-a8f2-f34042d5d9af
2025-07-12 06:04:28,1,kube_pod_container_status_restarts_total,etcd,10.244.1.4:8080,prometheus.scrape.annotated_pods,kube-system,etcd-desktop-control-plane,b022858c-d37b-4a7a-a8f2-f34042d5d9af
2025-07-12 06:05:28,1,kube_pod_container_status_restarts_total,etcd,10.244.1.4:8080,prometheus.scrape.annotated_pods,kube-system,etcd-desktop-control-plane,b022858c-d37b-4a7a-a8f2-f34042d5d9af
2025-07-12 06:06:28,1,kube_pod_container_status_restarts_total,etcd,10.244.1.4:8080,prometheus.scrape.annotated_pods,kube-system,etcd-desktop-control-plane,b022858c-d37b-4a7a-a8f2-f34042d5d9af
2025-07-12 06:07:28,1,kube_pod_container_status_restarts_total,etcd,10.244.1.4:8080,prometheus.scrape.annotated_pods,kube-system,etcd-desktop-control-plane,b022858c-d37b-4a7a-a8f2-f34042d5d9af
2025-07-12 06:08:28,1,kube_pod_container_status_restarts_total,etcd,10.244.1.4:8080,prometheus.scrape.annotated_pods,kube-system,etcd-desktop-control-plane,b022858c-d37b-4a7a-a8f2-f34042d5d9af
2025-07-12 06:09:28,1,kube_pod_container_status_restarts_total,etcd,10.244.1.4:8080,prometheus.scrape.annotated_pods,kube-system,etcd-desktop-control-plane,b022858c-d37b-4a7a-a8f2-f34042d5d9af
2025-07-12 06:10:28,1,kube_pod_container_status_restarts_total,etcd,10.244.1.4:8080,prometheus.scrape.annotated_pods,kube-system,etcd-desktop-control-plane,b022858c-d37b-4a7a-a8f2-f34042d5d9af
2025-07-12 06:11:28,1,kube_pod_container_status_restarts_total,etcd,10.244.1.4:8080,prometheus.scrape.annotated_pods,kube-system,etcd-desktop-control-plane,b022858c-d37b-4a7a-a8f2-f34042d5d9af
2025-07-12 06:12:28,1,kube_pod_container_status_restarts_total,etcd,10.244.1.4:8080,prometheus.scrape.annotated_pods,kube-system,etcd-desktop-control-plane,b022858c-d37b-4a7a-a8f2-f34042d5d9af
2025-07-12 06:13:28,1,kube_pod_container_status_restarts_total,etcd,10.244.1.4:8080,prometheus.scrape.annotated_pods,kube-system,etcd-desktop-control-plane,b022858c-d37b-4a7a-a8f2-f34042d5d9af
2025-07-12 05:30:28,1,kube_pod_container_status_restarts_total,etcd,kube-state-metrics.nimbusguard.svc:8080,prometheus.scrape.kube_state_metrics,kube-system,etcd-desktop-control-plane,b022858c-d37b-4a7a-a8f2-f34042d5d9af
2025-07-12 05:31:28,1,kube_pod_container_status_restarts_total,etcd,kube-state-metrics.nimbusguard.svc:8080,prometheus.scrape.kube_state_metrics,kube-system,etcd-desktop-control-plane,b022858c-d37b-4a7a-a8f2-f34042d5d9af
2025-07-12 05:32:28,1,kube_pod_container_status_restarts_total,etcd,kube-state-metrics.nimbusguard.svc:8080,prometheus.scrape.kube_state_metrics,kube-system,etcd-desktop-control-plane,b022858c-d37b-4a7a-a8f2-f34042d5d9af
2025-07-12 05:33:28,1,kube_pod_container_status_restarts_total,etcd,kube-state-metrics.nimbusguard.svc:8080,prometheus.scrape.kube_state_metrics,kube-system,etcd-desktop-control-plane,b022858c-d37b-4a7a-a8f2-f34042d5d9af
2025-07-12 05:34:28,1,kube_pod_container_status_restarts_total,etcd,kube-state-metrics.nimbusguard.svc:8080,prometheus.scrape.kube_state_metrics,kube-system,etcd-desktop-control-plane,b022858c-d37b-4a7a-a8f2-f34042d5d9af
2025-07-12 05:35:28,1,kube_pod_container_status_restarts_total,etcd,kube-state-metrics.nimbusguard.svc:8080,prometheus.scrape.kube_state_metrics,kube-system,etcd-desktop-control-plane,b022858c-d37b-4a7a-a8f2-f34042d5d9af
2025-07-12 05:36:28,1,kube_pod_container_status_restarts_total,etcd,kube-state-metrics.nimbusguard.svc:8080,prometheus.scrape.kube_state_metrics,kube-system,etcd-desktop-control-plane,b022858c-d37b-4a7a-a8f2-f34042d5d9af
2025-07-12 05:37:28,1,kube_pod_container_status_restarts_total,etcd,kube-state-metrics.nimbusguard.svc:8080,prometheus.scrape.kube_state_metrics,kube-system,etcd-desktop-control-plane,b022858c-d37b-4a7a-a8f2-f34042d5d9af
2025-07-12 05:38:28,1,kube_pod_container_status_restarts_total,etcd,kube-state-metrics.nimbusguard.svc:8080,prometheus.scrape.kube_state_metrics,kube-system,etcd-desktop-control-plane,b022858c-d37b-4a7a-a8f2-f34042d5d9af
2025-07-12 05:39:28,1,kube_pod_container_status_restarts_total,etcd,kube-state-metrics.nimbusguard.svc:8080,prometheus.scrape.kube_state_metrics,kube-system,etcd-desktop-control-plane,b022858c-d37b-4a7a-a8f2-f34042d5d9af
2025-07-12 05:40:28,1,kube_pod_container_status_restarts_total,etcd,kube-state-metrics.nimbusguard.svc:8080,prometheus.scrape.kube_state_metrics,kube-system,etcd-desktop-control-plane,b022858c-d37b-4a7a-a8f2-f34042d5d9af
2025-07-12 05:41:28,1,kube_pod_container_status_restarts_total,etcd,kube-state-metrics.nimbusguard.svc:8080,prometheus.scrape.kube_state_metrics,kube-system,etcd-desktop-control-plane,b022858c-d37b-4a7a-a8f2-f34042d5d9af
2025-07-12 05:42:28,1,kube_pod_container_status_restarts_total,etcd,kube-state-metrics.nimbusguard.svc:8080,prometheus.scrape.kube_state_metrics,kube-system,etcd-desktop-control-plane,b022858c-d37b-4a7a-a8f2-f34042d5d9af
2025-07-12 05:43:28,1,kube_pod_container_status_restarts_total,etcd,kube-state-metrics.nimbusguard.svc:8080,prometheus.scrape.kube_state_metrics,kube-system,etcd-desktop-control-plane,b022858c-d37b-4a7a-a8f2-f34042d5d9af
2025-07-12 05:44:28,1,kube_pod_container_status_restarts_total,etcd,kube-state-metrics.nimbusguard.svc:8080,prometheus.scrape.kube_state_metrics,kube-system,etcd-desktop-control-plane,b022858c-d37b-4a7a-a8f2-f34042d5d9af
2025-07-12 05:45:28,1,kube_pod_container_status_restarts_total,etcd,kube-state-metrics.nimbusguard.svc:8080,prometheus.scrape.kube_state_metrics,kube-system,etcd-desktop-control-plane,b022858c-d37b-4a7a-a8f2-f34042d5d9af
2025-07-12 05:46:28,1,kube_pod_container_status_restarts_total,etcd,kube-state-metrics.nimbusguard.svc:8080,prometheus.scrape.kube_state_metrics,kube-system,etcd-desktop-control-plane,b022858c-d37b-4a7a-a8f2-f34042d5d9af
2025-07-12 05:47:28,1,kube_pod_container_status_restarts_total,etcd,kube-state-metrics.nimbusguard.svc:8080,prometheus.scrape.kube_state_metrics,kube-system,etcd-desktop-control-plane,b022858c-d37b-4a7a-a8f2-f34042d5d9af
2025-07-12 05:48:28,1,kube_pod_container_status_restarts_total,etcd,kube-state-metrics.nimbusguard.svc:8080,prometheus.scrape.kube_state_metrics,kube-system,etcd-desktop-control-plane,b022858c-d37b-4a7a-a8f2-f34042d5d9af
2025-07-12 05:49:28,1,kube_pod_container_status_restarts_total,etcd,kube-state-metrics.nimbusguard.svc:8080,prometheus.scrape.kube_state_metrics,kube-system,etcd-desktop-control-plane,b022858c-d37b-4a7a-a8f2-f34042d5d9af
2025-07-12 05:50:28,1,kube_pod_container_status_restarts_total,etcd,kube-state-metrics.nimbusguard.svc:8080,prometheus.scrape.kube_state_metrics,kube-system,etcd-desktop-control-plane,b022858c-d37b-4a7a-a8f2-f34042d5d9af
2025-07-12 05:51:28,1,kube_pod_container_status_restarts_total,etcd,kube-state-metrics.nimbusguard.svc:8080,prometheus.scrape.kube_state_metrics,kube-system,etcd-desktop-control-plane,b022858c-d37b-4a7a-a8f2-f34042d5d9af
2025-07-12 05:52:28,1,kube_pod_container_status_restarts_total,etcd,kube-state-metrics.nimbusguard.svc:8080,prometheus.scrape.kube_state_metrics,kube-system,etcd-desktop-control-plane,b022858c-d37b-4a7a-a8f2-f34042d5d9af
2025-07-12 05:53:28,1,kube_pod_container_status_restarts_total,etcd,kube-state-metrics.nimbusguard.svc:8080,prometheus.scrape.kube_state_metrics,kube-system,etcd-desktop-control-plane,b022858c-d37b-4a7a-a8f2-f34042d5d9af
2025-07-12 05:54:28,1,kube_pod_container_status_restarts_total,etcd,kube-state-metrics.nimbusguard.svc:8080,prometheus.scrape.kube_state_metrics,kube-system,etcd-desktop-control-plane,b022858c-d37b-4a7a-a8f2-f34042d5d9af
2025-07-12 05:55:28,1,kube_pod_container_status_restarts_total,etcd,kube-state-metrics.nimbusguard.svc:8080,prometheus.scrape.kube_state_metrics,kube-system,etcd-desktop-control-plane,b022858c-d37b-4a7a-a8f2-f34042d5d9af
2025-07-12 05:56:28,1,kube_pod_container_status_restarts_total,etcd,kube-state-metrics.nimbusguard.svc:8080,prometheus.scrape.kube_state_metrics,kube-system,etcd-desktop-control-plane,b022858c-d37b-4a7a-a8f2-f34042d5d9af
2025-07-12 05:57:28,1,kube_pod_container_status_restarts_total,etcd,kube-state-metrics.nimbusguard.svc:8080,prometheus.scrape.kube_state_metrics,kube-system,etcd-desktop-control-plane,b022858c-d37b-4a7a-a8f2-f34042d5d9af
2025-07-12 05:58:28,1,kube_pod_container_status_restarts_total,etcd,kube-state-metrics.nimbusguard.svc:8080,prometheus.scrape.kube_state_metrics,kube-system,etcd-desktop-control-plane,b022858c-d37b-4a7a-a8f2-f34042d5d9af
2025-07-12 05:59:28,1,kube_pod_container_status_restarts_total,etcd,kube-state-metrics.nimbusguard.svc:8080,prometheus.scrape.kube_state_metrics,kube-system,etcd-desktop-control-plane,b022858c-d37b-4a7a-a8f2-f34042d5d9af
2025-07-12 06:00:28,1,kube_pod_container_status_restarts_total,etcd,kube-state-metrics.nimbusguard.svc:8080,prometheus.scrape.kube_state_metrics,kube-system,etcd-desktop-control-plane,b022858c-d37b-4a7a-a8f2-f34042d5d9af
2025-07-12 06:01:28,1,kube_pod_container_status_restarts_total,etcd,kube-state-metrics.nimbusguard.svc:8080,prometheus.scrape.kube_state_metrics,kube-system,etcd-desktop-control-plane,b022858c-d37b-4a7a-a8f2-f34042d5d9af
2025-07-12 06:02:28,1,kube_pod_container_status_restarts_total,etcd,kube-state-metrics.nimbusguard.svc:8080,prometheus.scrape.kube_state_metrics,kube-system,etcd-desktop-control-plane,b022858c-d37b-4a7a-a8f2-f34042d5d9af
2025-07-12 06:03:28,1,kube_pod_container_status_restarts_total,etcd,kube-state-metrics.nimbusguard.svc:8080,prometheus.scrape.kube_state_metrics,kube-system,etcd-desktop-control-plane,b022858c-d37b-4a7a-a8f2-f34042d5d9af
2025-07-12 06:04:28,1,kube_pod_container_status_restarts_total,etcd,kube-state-metrics.nimbusguard.svc:8080,prometheus.scrape.kube_state_metrics,kube-system,etcd-desktop-control-plane,b022858c-d37b-4a7a-a8f2-f34042d5d9af
2025-07-12 06:05:28,1,kube_pod_container_status_restarts_total,etcd,kube-state-metrics.nimbusguard.svc:8080,prometheus.scrape.kube_state_metrics,kube-system,etcd-desktop-control-plane,b022858c-d37b-4a7a-a8f2-f34042d5d9af
2025-07-12 06:06:28,1,kube_pod_container_status_restarts_total,etcd,kube-state-metrics.nimbusguard.svc:8080,prometheus.scrape.kube_state_metrics,kube-system,etcd-desktop-control-plane,b022858c-d37b-4a7a-a8f2-f34042d5d9af
2025-07-12 06:07:28,1,kube_pod_container_status_restarts_total,etcd,kube-state-metrics.nimbusguard.svc:8080,prometheus.scrape.kube_state_metrics,kube-system,etcd-desktop-control-plane,b022858c-d37b-4a7a-a8f2-f34042d5d9af
2025-07-12 06:08:28,1,kube_pod_container_status_restarts_total,etcd,kube-state-metrics.nimbusguard.svc:8080,prometheus.scrape.kube_state_metrics,kube-system,etcd-desktop-control-plane,b022858c-d37b-4a7a-a8f2-f34042d5d9af
2025-07-12 06:09:28,1,kube_pod_container_status_restarts_total,etcd,kube-state-metrics.nimbusguard.svc:8080,prometheus.scrape.kube_state_metrics,kube-system,etcd-desktop-control-plane,b022858c-d37b-4a7a-a8f2-f34042d5d9af
2025-07-12 06:10:28,1,kube_pod_container_status_restarts_total,etcd,kube-state-metrics.nimbusguard.svc:8080,prometheus.scrape.kube_state_metrics,kube-system,etcd-desktop-control-plane,b022858c-d37b-4a7a-a8f2-f34042d5d9af
2025-07-12 06:11:28,1,kube_pod_container_status_restarts_total,etcd,kube-state-metrics.nimbusguard.svc:8080,prometheus.scrape.kube_state_metrics,kube-system,etcd-desktop-control-plane,b022858c-d37b-4a7a-a8f2-f34042d5d9af
2025-07-12 06:12:28,1,kube_pod_container_status_restarts_total,etcd,kube-state-metrics.nimbusguard.svc:8080,prometheus.scrape.kube_state_metrics,kube-system,etcd-desktop-control-plane,b022858c-d37b-4a7a-a8f2-f34042d5d9af
2025-07-12 06:13:28,1,kube_pod_container_status_restarts_total,etcd,kube-state-metrics.nimbusguard.svc:8080,prometheus.scrape.kube_state_metrics,kube-system,etcd-desktop-control-plane,b022858c-d37b-4a7a-a8f2-f34042d5d9af
2025-07-12 05:29:28,0,kube_pod_container_status_restarts_total,grafana,10.244.1.4:8080,prometheus.scrape.annotated_pods,nimbusguard,grafana-7847db8c6-g4gqp,4fe2e702-6c29-4c67-88b9-18c24c33216b
2025-07-12 05:30:28,0,kube_pod_container_status_restarts_total,grafana,10.244.1.4:8080,prometheus.scrape.annotated_pods,nimbusguard,grafana-7847db8c6-g4gqp,4fe2e702-6c29-4c67-88b9-18c24c33216b
2025-07-12 05:31:28,0,kube_pod_container_status_restarts_total,grafana,10.244.1.4:8080,prometheus.scrape.annotated_pods,nimbusguard,grafana-7847db8c6-g4gqp,4fe2e702-6c29-4c67-88b9-18c24c33216b
2025-07-12 05:32:28,0,kube_pod_container_status_restarts_total,grafana,10.244.1.4:8080,prometheus.scrape.annotated_pods,nimbusguard,grafana-7847db8c6-g4gqp,4fe2e702-6c29-4c67-88b9-18c24c33216b
2025-07-12 05:33:28,0,kube_pod_container_status_restarts_total,grafana,10.244.1.4:8080,prometheus.scrape.annotated_pods,nimbusguard,grafana-7847db8c6-g4gqp,4fe2e702-6c29-4c67-88b9-18c24c33216b
2025-07-12 05:34:28,0,kube_pod_container_status_restarts_total,grafana,10.244.1.4:8080,prometheus.scrape.annotated_pods,nimbusguard,grafana-7847db8c6-g4gqp,4fe2e702-6c29-4c67-88b9-18c24c33216b
2025-07-12 05:35:28,0,kube_pod_container_status_restarts_total,grafana,10.244.1.4:8080,prometheus.scrape.annotated_pods,nimbusguard,grafana-7847db8c6-g4gqp,4fe2e702-6c29-4c67-88b9-18c24c33216b
2025-07-12 05:36:28,0,kube_pod_container_status_restarts_total,grafana,10.244.1.4:8080,prometheus.scrape.annotated_pods,nimbusguard,grafana-7847db8c6-g4gqp,4fe2e702-6c29-4c67-88b9-18c24c33216b
2025-07-12 05:37:28,0,kube_pod_container_status_restarts_total,grafana,10.244.1.4:8080,prometheus.scrape.annotated_pods,nimbusguard,grafana-7847db8c6-g4gqp,4fe2e702-6c29-4c67-88b9-18c24c33216b
2025-07-12 05:38:28,0,kube_pod_container_status_restarts_total,grafana,10.244.1.4:8080,prometheus.scrape.annotated_pods,nimbusguard,grafana-7847db8c6-g4gqp,4fe2e702-6c29-4c67-88b9-18c24c33216b
2025-07-12 05:39:28,0,kube_pod_container_status_restarts_total,grafana,10.244.1.4:8080,prometheus.scrape.annotated_pods,nimbusguard,grafana-7847db8c6-g4gqp,4fe2e702-6c29-4c67-88b9-18c24c33216b
2025-07-12 05:40:28,0,kube_pod_container_status_restarts_total,grafana,10.244.1.4:8080,prometheus.scrape.annotated_pods,nimbusguard,grafana-7847db8c6-g4gqp,4fe2e702-6c29-4c67-88b9-18c24c33216b
2025-07-12 05:41:28,0,kube_pod_container_status_restarts_total,grafana,10.244.1.4:8080,prometheus.scrape.annotated_pods,nimbusguard,grafana-7847db8c6-g4gqp,4fe2e702-6c29-4c67-88b9-18c24c33216b
2025-07-12 05:42:28,0,kube_pod_container_status_restarts_total,grafana,10.244.1.4:8080,prometheus.scrape.annotated_pods,nimbusguard,grafana-7847db8c6-g4gqp,4fe2e702-6c29-4c67-88b9-18c24c33216b
2025-07-12 05:43:28,0,kube_pod_container_status_restarts_total,grafana,10.244.1.4:8080,prometheus.scrape.annotated_pods,nimbusguard,grafana-7847db8c6-g4gqp,4fe2e702-6c29-4c67-88b9-18c24c33216b
2025-07-12 05:44:28,0,kube_pod_container_status_restarts_total,grafana,10.244.1.4:8080,prometheus.scrape.annotated_pods,nimbusguard,grafana-7847db8c6-g4gqp,4fe2e702-6c29-4c67-88b9-18c24c33216b
2025-07-12 05:45:28,0,kube_pod_container_status_restarts_total,grafana,10.244.1.4:8080,prometheus.scrape.annotated_pods,nimbusguard,grafana-7847db8c6-g4gqp,4fe2e702-6c29-4c67-88b9-18c24c33216b
2025-07-12 05:46:28,0,kube_pod_container_status_restarts_total,grafana,10.244.1.4:8080,prometheus.scrape.annotated_pods,nimbusguard,grafana-7847db8c6-g4gqp,4fe2e702-6c29-4c67-88b9-18c24c33216b
2025-07-12 05:47:28,0,kube_pod_container_status_restarts_total,grafana,10.244.1.4:8080,prometheus.scrape.annotated_pods,nimbusguard,grafana-7847db8c6-g4gqp,4fe2e702-6c29-4c67-88b9-18c24c33216b
2025-07-12 05:48:28,0,kube_pod_container_status_restarts_total,grafana,10.244.1.4:8080,prometheus.scrape.annotated_pods,nimbusguard,grafana-7847db8c6-g4gqp,4fe2e702-6c29-4c67-88b9-18c24c33216b
2025-07-12 05:49:28,0,kube_pod_container_status_restarts_total,grafana,10.244.1.4:8080,prometheus.scrape.annotated_pods,nimbusguard,grafana-7847db8c6-g4gqp,4fe2e702-6c29-4c67-88b9-18c24c33216b
2025-07-12 05:50:28,0,kube_pod_container_status_restarts_total,grafana,10.244.1.4:8080,prometheus.scrape.annotated_pods,nimbusguard,grafana-7847db8c6-g4gqp,4fe2e702-6c29-4c67-88b9-18c24c33216b
2025-07-12 05:51:28,0,kube_pod_container_status_restarts_total,grafana,10.244.1.4:8080,prometheus.scrape.annotated_pods,nimbusguard,grafana-7847db8c6-g4gqp,4fe2e702-6c29-4c67-88b9-18c24c33216b
2025-07-12 05:52:28,0,kube_pod_container_status_restarts_total,grafana,10.244.1.4:8080,prometheus.scrape.annotated_pods,nimbusguard,grafana-7847db8c6-g4gqp,4fe2e702-6c29-4c67-88b9-18c24c33216b
2025-07-12 05:53:28,0,kube_pod_container_status_restarts_total,grafana,10.244.1.4:8080,prometheus.scrape.annotated_pods,nimbusguard,grafana-7847db8c6-g4gqp,4fe2e702-6c29-4c67-88b9-18c24c33216b
2025-07-12 05:54:28,0,kube_pod_container_status_restarts_total,grafana,10.244.1.4:8080,prometheus.scrape.annotated_pods,nimbusguard,grafana-7847db8c6-g4gqp,4fe2e702-6c29-4c67-88b9-18c24c33216b
2025-07-12 05:55:28,0,kube_pod_container_status_restarts_total,grafana,10.244.1.4:8080,prometheus.scrape.annotated_pods,nimbusguard,grafana-7847db8c6-g4gqp,4fe2e702-6c29-4c67-88b9-18c24c33216b
2025-07-12 05:56:28,0,kube_pod_container_status_restarts_total,grafana,10.244.1.4:8080,prometheus.scrape.annotated_pods,nimbusguard,grafana-7847db8c6-g4gqp,4fe2e702-6c29-4c67-88b9-18c24c33216b
2025-07-12 05:57:28,0,kube_pod_container_status_restarts_total,grafana,10.244.1.4:8080,prometheus.scrape.annotated_pods,nimbusguard,grafana-7847db8c6-g4gqp,4fe2e702-6c29-4c67-88b9-18c24c33216b
2025-07-12 05:58:28,0,kube_pod_container_status_restarts_total,grafana,10.244.1.4:8080,prometheus.scrape.annotated_pods,nimbusguard,grafana-7847db8c6-g4gqp,4fe2e702-6c29-4c67-88b9-18c24c33216b
2025-07-12 05:59:28,0,kube_pod_container_status_restarts_total,grafana,10.244.1.4:8080,prometheus.scrape.annotated_pods,nimbusguard,grafana-7847db8c6-g4gqp,4fe2e702-6c29-4c67-88b9-18c24c33216b
2025-07-12 06:00:28,0,kube_pod_container_status_restarts_total,grafana,10.244.1.4:8080,prometheus.scrape.annotated_pods,nimbusguard,grafana-7847db8c6-g4gqp,4fe2e702-6c29-4c67-88b9-18c24c33216b
2025-07-12 06:01:28,0,kube_pod_container_status_restarts_total,grafana,10.244.1.4:8080,prometheus.scrape.annotated_pods,nimbusguard,grafana-7847db8c6-g4gqp,4fe2e702-6c29-4c67-88b9-18c24c33216b
2025-07-12 06:02:28,0,kube_pod_container_status_restarts_total,grafana,10.244.1.4:8080,prometheus.scrape.annotated_pods,nimbusguard,grafana-7847db8c6-g4gqp,4fe2e702-6c29-4c67-88b9-18c24c33216b
2025-07-12 06:03:28,0,kube_pod_container_status_restarts_total,grafana,10.244.1.4:8080,prometheus.scrape.annotated_pods,nimbusguard,grafana-7847db8c6-g4gqp,4fe2e702-6c29-4c67-88b9-18c24c33216b
2025-07-12 06:04:28,0,kube_pod_container_status_restarts_total,grafana,10.244.1.4:8080,prometheus.scrape.annotated_pods,nimbusguard,grafana-7847db8c6-g4gqp,4fe2e702-6c29-4c67-88b9-18c24c33216b
2025-07-12 06:05:28,0,kube_pod_container_status_restarts_total,grafana,10.244.1.4:8080,prometheus.scrape.annotated_pods,nimbusguard,grafana-7847db8c6-g4gqp,4fe2e702-6c29-4c67-88b9-18c24c33216b
2025-07-12 06:06:28,0,kube_pod_container_status_restarts_total,grafana,10.244.1.4:8080,prometheus.scrape.annotated_pods,nimbusguard,grafana-7847db8c6-g4gqp,4fe2e702-6c29-4c67-88b9-18c24c33216b
2025-07-12 06:07:28,0,kube_pod_container_status_restarts_total,grafana,10.244.1.4:8080,prometheus.scrape.annotated_pods,nimbusguard,grafana-7847db8c6-g4gqp,4fe2e702-6c29-4c67-88b9-18c24c33216b
2025-07-12 06:08:28,0,kube_pod_container_status_restarts_total,grafana,10.244.1.4:8080,prometheus.scrape.annotated_pods,nimbusguard,grafana-7847db8c6-g4gqp,4fe2e702-6c29-4c67-88b9-18c24c33216b
2025-07-12 06:09:28,0,kube_pod_container_status_restarts_total,grafana,10.244.1.4:8080,prometheus.scrape.annotated_pods,nimbusguard,grafana-7847db8c6-g4gqp,4fe2e702-6c29-4c67-88b9-18c24c33216b
2025-07-12 06:10:28,0,kube_pod_container_status_restarts_total,grafana,10.244.1.4:8080,prometheus.scrape.annotated_pods,nimbusguard,grafana-7847db8c6-g4gqp,4fe2e702-6c29-4c67-88b9-18c24c33216b
2025-07-12 06:11:28,0,kube_pod_container_status_restarts_total,grafana,10.244.1.4:8080,prometheus.scrape.annotated_pods,nimbusguard,grafana-7847db8c6-g4gqp,4fe2e702-6c29-4c67-88b9-18c24c33216b
2025-07-12 06:12:28,0,kube_pod_container_status_restarts_total,grafana,10.244.1.4:8080,prometheus.scrape.annotated_pods,nimbusguard,grafana-7847db8c6-g4gqp,4fe2e702-6c29-4c67-88b9-18c24c33216b
2025-07-12 06:13:28,0,kube_pod_container_status_restarts_total,grafana,10.244.1.4:8080,prometheus.scrape.annotated_pods,nimbusguard,grafana-7847db8c6-g4gqp,4fe2e702-6c29-4c67-88b9-18c24c33216b
2025-07-12 05:30:28,0,kube_pod_container_status_restarts_total,grafana,kube-state-metrics.nimbusguard.svc:8080,prometheus.scrape.kube_state_metrics,nimbusguard,grafana-7847db8c6-g4gqp,4fe2e702-6c29-4c67-88b9-18c24c33216b
2025-07-12 05:31:28,0,kube_pod_container_status_restarts_total,grafana,kube-state-metrics.nimbusguard.svc:8080,prometheus.scrape.kube_state_metrics,nimbusguard,grafana-7847db8c6-g4gqp,4fe2e702-6c29-4c67-88b9-18c24c33216b
2025-07-12 05:32:28,0,kube_pod_container_status_restarts_total,grafana,kube-state-metrics.nimbusguard.svc:8080,prometheus.scrape.kube_state_metrics,nimbusguard,grafana-7847db8c6-g4gqp,4fe2e702-6c29-4c67-88b9-18c24c33216b
2025-07-12 05:33:28,0,kube_pod_container_status_restarts_total,grafana,kube-state-metrics.nimbusguard.svc:8080,prometheus.scrape.kube_state_metrics,nimbusguard,grafana-7847db8c6-g4gqp,4fe2e702-6c29-4c67-88b9-18c24c33216b
2025-07-12 05:34:28,0,kube_pod_container_status_restarts_total,grafana,kube-state-metrics.nimbusguard.svc:8080,prometheus.scrape.kube_state_metrics,nimbusguard,grafana-7847db8c6-g4gqp,4fe2e702-6c29-4c67-88b9-18c24c33216b
2025-07-12 05:35:28,0,kube_pod_container_status_restarts_total,grafana,kube-state-metrics.nimbusguard.svc:8080,prometheus.scrape.kube_state_metrics,nimbusguard,grafana-7847db8c6-g4gqp,4fe2e702-6c29-4c67-88b9-18c24c33216b
2025-07-12 05:36:28,0,kube_pod_container_status_restarts_total,grafana,kube-state-metrics.nimbusguard.svc:8080,prometheus.scrape.kube_state_metrics,nimbusguard,grafana-7847db8c6-g4gqp,4fe2e702-6c29-4c67-88b9-18c24c33216b
2025-07-12 05:37:28,0,kube_pod_container_status_restarts_total,grafana,kube-state-metrics.nimbusguard.svc:8080,prometheus.scrape.kube_state_metrics,nimbusguard,grafana-7847db8c6-g4gqp,4fe2e702-6c29-4c67-88b9-18c24c33216b
2025-07-12 05:38:28,0,kube_pod_container_status_restarts_total,grafana,kube-state-metrics.nimbusguard.svc:8080,prometheus.scrape.kube_state_metrics,nimbusguard,grafana-7847db8c6-g4gqp,4fe2e702-6c29-4c67-88b9-18c24c33216b
2025-07-12 05:39:28,0,kube_pod_container_status_restarts_total,grafana,kube-state-metrics.nimbusguard.svc:8080,prometheus.scrape.kube_state_metrics,nimbusguard,grafana-7847db8c6-g4gqp,4fe2e702-6c29-4c67-88b9-18c24c33216b
2025-07-12 05:40:28,0,kube_pod_container_status_restarts_total,grafana,kube-state-metrics.nimbusguard.svc:8080,prometheus.scrape.kube_state_metrics,nimbusguard,grafana-7847db8c6-g4gqp,4fe2e702-6c29-4c67-88b9-18c24c33216b
2025-07-12 05:41:28,0,kube_pod_container_status_restarts_total,grafana,kube-state-metrics.nimbusguard.svc:8080,prometheus.scrape.kube_state_metrics,nimbusguard,grafana-7847db8c6-g4gqp,4fe2e702-6c29-4c67-88b9-18c24c33216b
2025-07-12 05:42:28,0,kube_pod_container_status_restarts_total,grafana,kube-state-metrics.nimbusguard.svc:8080,prometheus.scrape.kube_state_metrics,nimbusguard,grafana-7847db8c6-g4gqp,4fe2e702-6c29-4c67-88b9-18c24c33216b
2025-07-12 05:43:28,0,kube_pod_container_status_restarts_total,grafana,kube-state-metrics.nimbusguard.svc:8080,prometheus.scrape.kube_state_metrics,nimbusguard,grafana-7847db8c6-g4gqp,4fe2e702-6c29-4c67-88b9-18c24c33216b
2025-07-12 05:44:28,0,kube_pod_container_status_restarts_total,grafana,kube-state-metrics.nimbusguard.svc:8080,prometheus.scrape.kube_state_metrics,nimbusguard,grafana-7847db8c6-g4gqp,4fe2e702-6c29-4c67-88b9-18c24c33216b
2025-07-12 05:45:28,0,kube_pod_container_status_restarts_total,grafana,kube-state-metrics.nimbusguard.svc:8080,prometheus.scrape.kube_state_metrics,nimbusguard,grafana-7847db8c6-g4gqp,4fe2e702-6c29-4c67-88b9-18c24c33216b
2025-07-12 05:46:28,0,kube_pod_container_status_restarts_total,grafana,kube-state-metrics.nimbusguard.svc:8080,prometheus.scrape.kube_state_metrics,nimbusguard,grafana-7847db8c6-g4gqp,4fe2e702-6c29-4c67-88b9-18c24c33216b
2025-07-12 05:47:28,0,kube_pod_container_status_restarts_total,grafana,kube-state-metrics.nimbusguard.svc:8080,prometheus.scrape.kube_state_metrics,nimbusguard,grafana-7847db8c6-g4gqp,4fe2e702-6c29-4c67-88b9-18c24c33216b
2025-07-12 05:48:28,0,kube_pod_container_status_restarts_total,grafana,kube-state-metrics.nimbusguard.svc:8080,prometheus.scrape.kube_state_metrics,nimbusguard,grafana-7847db8c6-g4gqp,4fe2e702-6c29-4c67-88b9-18c24c33216b
2025-07-12 05:49:28,0,kube_pod_container_status_restarts_total,grafana,kube-state-metrics.nimbusguard.svc:8080,prometheus.scrape.kube_state_metrics,nimbusguard,grafana-7847db8c6-g4gqp,4fe2e702-6c29-4c67-88b9-18c24c33216b
2025-07-12 05:50:28,0,kube_pod_container_status_restarts_total,grafana,kube-state-metrics.nimbusguard.svc:8080,prometheus.scrape.kube_state_metrics,nimbusguard,grafana-7847db8c6-g4gqp,4fe2e702-6c29-4c67-88b9-18c24c33216b
2025-07-12 05:51:28,0,kube_pod_container_status_restarts_total,grafana,kube-state-metrics.nimbusguard.svc:8080,prometheus.scrape.kube_state_metrics,nimbusguard,grafana-7847db8c6-g4gqp,4fe2e702-6c29-4c67-88b9-18c24c33216b
2025-07-12 05:52:28,0,kube_pod_container_status_restarts_total,grafana,kube-state-metrics.nimbusguard.svc:8080,prometheus.scrape.kube_state_metrics,nimbusguard,grafana-7847db8c6-g4gqp,4fe2e702-6c29-4c67-88b9-18c24c33216b
2025-07-12 05:53:28,0,kube_pod_container_status_restarts_total,grafana,kube-state-metrics.nimbusguard.svc:8080,prometheus.scrape.kube_state_metrics,nimbusguard,grafana-7847db8c6-g4gqp,4fe2e702-6c29-4c67-88b9-18c24c33216b
2025-07-12 05:54:28,0,kube_pod_container_status_restarts_total,grafana,kube-state-metrics.nimbusguard.svc:8080,prometheus.scrape.kube_state_metrics,nimbusguard,grafana-7847db8c6-g4gqp,4fe2e702-6c29-4c67-88b9-18c24c33216b
2025-07-12 05:55:28,0,kube_pod_container_status_restarts_total,grafana,kube-state-metrics.nimbusguard.svc:8080,prometheus.scrape.kube_state_metrics,nimbusguard,grafana-7847db8c6-g4gqp,4fe2e702-6c29-4c67-88b9-18c24c33216b
2025-07-12 05:56:28,0,kube_pod_container_status_restarts_total,grafana,kube-state-metrics.nimbusguard.svc:8080,prometheus.scrape.kube_state_metrics,nimbusguard,grafana-7847db8c6-g4gqp,4fe2e702-6c29-4c67-88b9-18c24c33216b
2025-07-12 05:57:28,0,kube_pod_container_status_restarts_total,grafana,kube-state-metrics.nimbusguard.svc:8080,prometheus.scrape.kube_state_metrics,nimbusguard,grafana-7847db8c6-g4gqp,4fe2e702-6c29-4c67-88b9-18c24c33216b
2025-07-12 05:58:28,0,kube_pod_container_status_restarts_total,grafana,kube-state-metrics.nimbusguard.svc:8080,prometheus.scrape.kube_state_metrics,nimbusguard,grafana-7847db8c6-g4gqp,4fe2e702-6c29-4c67-88b9-18c24c33216b
2025-07-12 05:59:28,0,kube_pod_container_status_restarts_total,grafana,kube-state-metrics.nimbusguard.svc:8080,prometheus.scrape.kube_state_metrics,nimbusguard,grafana-7847db8c6-g4gqp,4fe2e702-6c29-4c67-88b9-18c24c33216b
2025-07-12 06:00:28,0,kube_pod_container_status_restarts_total,grafana,kube-state-metrics.nimbusguard.svc:8080,prometheus.scrape.kube_state_metrics,nimbusguard,grafana-7847db8c6-g4gqp,4fe2e702-6c29-4c67-88b9-18c24c33216b
2025-07-12 06:01:28,0,kube_pod_container_status_restarts_total,grafana,kube-state-metrics.nimbusguard.svc:8080,prometheus.scrape.kube_state_metrics,nimbusguard,grafana-7847db8c6-g4gqp,4fe2e702-6c29-4c67-88b9-18c24c33216b
2025-07-12 06:02:28,0,kube_pod_container_status_restarts_total,grafana,kube-state-metrics.nimbusguard.svc:8080,prometheus.scrape.kube_state_metrics,nimbusguard,grafana-7847db8c6-g4gqp,4fe2e702-6c29-4c67-88b9-18c24c33216b
2025-07-12 06:03:28,0,kube_pod_container_status_restarts_total,grafana,kube-state-metrics.nimbusguard.svc:8080,prometheus.scrape.kube_state_metrics,nimbusguard,grafana-7847db8c6-g4gqp,4fe2e702-6c29-4c67-88b9-18c24c33216b
2025-07-12 06:04:28,0,kube_pod_container_status_restarts_total,grafana,kube-state-metrics.nimbusguard.svc:8080,prometheus.scrape.kube_state_metrics,nimbusguard,grafana-7847db8c6-g4gqp,4fe2e702-6c29-4c67-88b9-18c24c33216b
2025-07-12 06:05:28,0,kube_pod_container_status_restarts_total,grafana,kube-state-metrics.nimbusguard.svc:8080,prometheus.scrape.kube_state_metrics,nimbusguard,grafana-7847db8c6-g4gqp,4fe2e702-6c29-4c67-88b9-18c24c33216b
2025-07-12 06:06:28,0,kube_pod_container_status_restarts_total,grafana,kube-state-metrics.nimbusguard.svc:8080,prometheus.scrape.kube_state_metrics,nimbusguard,grafana-7847db8c6-g4gqp,4fe2e702-6c29-4c67-88b9-18c24c33216b
2025-07-12 06:07:28,0,kube_pod_container_status_restarts_total,grafana,kube-state-metrics.nimbusguard.svc:8080,prometheus.scrape.kube_state_metrics,nimbusguard,grafana-7847db8c6-g4gqp,4fe2e702-6c29-4c67-88b9-18c24c33216b
2025-07-12 06:08:28,0,kube_pod_container_status_restarts_total,grafana,kube-state-metrics.nimbusguard.svc:8080,prometheus.scrape.kube_state_metrics,nimbusguard,grafana-7847db8c6-g4gqp,4fe2e702-6c29-4c67-88b9-18c24c33216b
2025-07-12 06:09:28,0,kube_pod_container_status_restarts_total,grafana,kube-state-metrics.nimbusguard.svc:8080,prometheus.scrape.kube_state_metrics,nimbusguard,grafana-7847db8c6-g4gqp,4fe2e702-6c29-4c67-88b9-18c24c33216b
2025-07-12 06:10:28,0,kube_pod_container_status_restarts_total,grafana,kube-state-metrics.nimbusguard.svc:8080,prometheus.scrape.kube_state_metrics,nimbusguard,grafana-7847db8c6-g4gqp,4fe2e702-6c29-4c67-88b9-18c24c33216b
2025-07-12 06:11:28,0,kube_pod_container_status_restarts_total,grafana,kube-state-metrics.nimbusguard.svc:8080,prometheus.scrape.kube_state_metrics,nimbusguard,grafana-7847db8c6-g4gqp,4fe2e702-6c29-4c67-88b9-18c24c33216b
2025-07-12 06:12:28,0,kube_pod_container_status_restarts_total,grafana,kube-state-metrics.nimbusguard.svc:8080,prometheus.scrape.kube_state_metrics,nimbusguard,grafana-7847db8c6-g4gqp,4fe2e702-6c29-4c67-88b9-18c24c33216b
2025-07-12 06:13:28,0,kube_pod_container_status_restarts_total,grafana,kube-state-metrics.nimbusguard.svc:8080,prometheus.scrape.kube_state_metrics,nimbusguard,grafana-7847db8c6-g4gqp,4fe2e702-6c29-4c67-88b9-18c24c33216b
2025-07-12 05:29:28,1,kube_pod_container_status_restarts_total,kindnet-cni,10.244.1.4:8080,prometheus.scrape.annotated_pods,kube-system,kindnet-h2cj4,0addee7f-657c-4282-8871-84ba8a732c91
2025-07-12 05:30:28,1,kube_pod_container_status_restarts_total,kindnet-cni,10.244.1.4:8080,prometheus.scrape.annotated_pods,kube-system,kindnet-h2cj4,0addee7f-657c-4282-8871-84ba8a732c91
2025-07-12 05:31:28,1,kube_pod_container_status_restarts_total,kindnet-cni,10.244.1.4:8080,prometheus.scrape.annotated_pods,kube-system,kindnet-h2cj4,0addee7f-657c-4282-8871-84ba8a732c91
2025-07-12 05:32:28,1,kube_pod_container_status_restarts_total,kindnet-cni,10.244.1.4:8080,prometheus.scrape.annotated_pods,kube-system,kindnet-h2cj4,0addee7f-657c-4282-8871-84ba8a732c91
2025-07-12 05:33:28,1,kube_pod_container_status_restarts_total,kindnet-cni,10.244.1.4:8080,prometheus.scrape.annotated_pods,kube-system,kindnet-h2cj4,0addee7f-657c-4282-8871-84ba8a732c91
2025-07-12 05:34:28,1,kube_pod_container_status_restarts_total,kindnet-cni,10.244.1.4:8080,prometheus.scrape.annotated_pods,kube-system,kindnet-h2cj4,0addee7f-657c-4282-8871-84ba8a732c91
2025-07-12 05:35:28,1,kube_pod_container_status_restarts_total,kindnet-cni,10.244.1.4:8080,prometheus.scrape.annotated_pods,kube-system,kindnet-h2cj4,0addee7f-657c-4282-8871-84ba8a732c91
2025-07-12 05:36:28,1,kube_pod_container_status_restarts_total,kindnet-cni,10.244.1.4:8080,prometheus.scrape.annotated_pods,kube-system,kindnet-h2cj4,0addee7f-657c-4282-8871-84ba8a732c91
2025-07-12 05:37:28,1,kube_pod_container_status_restarts_total,kindnet-cni,10.244.1.4:8080,prometheus.scrape.annotated_pods,kube-system,kindnet-h2cj4,0addee7f-657c-4282-8871-84ba8a732c91
2025-07-12 05:38:28,1,kube_pod_container_status_restarts_total,kindnet-cni,10.244.1.4:8080,prometheus.scrape.annotated_pods,kube-system,kindnet-h2cj4,0addee7f-657c-4282-8871-84ba8a732c91
2025-07-12 05:39:28,1,kube_pod_container_status_restarts_total,kindnet-cni,10.244.1.4:8080,prometheus.scrape.annotated_pods,kube-system,kindnet-h2cj4,0addee7f-657c-4282-8871-84ba8a732c91
2025-07-12 05:40:28,1,kube_pod_container_status_restarts_total,kindnet-cni,10.244.1.4:8080,prometheus.scrape.annotated_pods,kube-system,kindnet-h2cj4,0addee7f-657c-4282-8871-84ba8a732c91
2025-07-12 05:41:28,1,kube_pod_container_status_restarts_total,kindnet-cni,10.244.1.4:8080,prometheus.scrape.annotated_pods,kube-system,kindnet-h2cj4,0addee7f-657c-4282-8871-84ba8a732c91
2025-07-12 05:42:28,1,kube_pod_container_status_restarts_total,kindnet-cni,10.244.1.4:8080,prometheus.scrape.annotated_pods,kube-system,kindnet-h2cj4,0addee7f-657c-4282-8871-84ba8a732c91
2025-07-12 05:43:28,1,kube_pod_container_status_restarts_total,kindnet-cni,10.244.1.4:8080,prometheus.scrape.annotated_pods,kube-system,kindnet-h2cj4,0addee7f-657c-4282-8871-84ba8a732c91
2025-07-12 05:44:28,1,kube_pod_container_status_restarts_total,kindnet-cni,10.244.1.4:8080,prometheus.scrape.annotated_pods,kube-system,kindnet-h2cj4,0addee7f-657c-4282-8871-84ba8a732c91
2025-07-12 05:45:28,1,kube_pod_container_status_restarts_total,kindnet-cni,10.244.1.4:8080,prometheus.scrape.annotated_pods,kube-system,kindnet-h2cj4,0addee7f-657c-4282-8871-84ba8a732c91
2025-07-12 05:46:28,1,kube_pod_container_status_restarts_total,kindnet-cni,10.244.1.4:8080,prometheus.scrape.annotated_pods,kube-system,kindnet-h2cj4,0addee7f-657c-4282-8871-84ba8a732c91
2025-07-12 05:47:28,1,kube_pod_container_status_restarts_total,kindnet-cni,10.244.1.4:8080,prometheus.scrape.annotated_pods,kube-system,kindnet-h2cj4,0addee7f-657c-4282-8871-84ba8a732c91
2025-07-12 05:48:28,1,kube_pod_container_status_restarts_total,kindnet-cni,10.244.1.4:8080,prometheus.scrape.annotated_pods,kube-system,kindnet-h2cj4,0addee7f-657c-4282-8871-84ba8a732c91
2025-07-12 05:49:28,1,kube_pod_container_status_restarts_total,kindnet-cni,10.244.1.4:8080,prometheus.scrape.annotated_pods,kube-system,kindnet-h2cj4,0addee7f-657c-4282-8871-84ba8a732c91
2025-07-12 05:50:28,1,kube_pod_container_status_restarts_total,kindnet-cni,10.244.1.4:8080,prometheus.scrape.annotated_pods,kube-system,kindnet-h2cj4,0addee7f-657c-4282-8871-84ba8a732c91
2025-07-12 05:51:28,1,kube_pod_container_status_restarts_total,kindnet-cni,10.244.1.4:8080,prometheus.scrape.annotated_pods,kube-system,kindnet-h2cj4,0addee7f-657c-4282-8871-84ba8a732c91
2025-07-12 05:52:28,1,kube_pod_container_status_restarts_total,kindnet-cni,10.244.1.4:8080,prometheus.scrape.annotated_pods,kube-system,kindnet-h2cj4,0addee7f-657c-4282-8871-84ba8a732c91
2025-07-12 05:53:28,1,kube_pod_container_status_restarts_total,kindnet-cni,10.244.1.4:8080,prometheus.scrape.annotated_pods,kube-system,kindnet-h2cj4,0addee7f-657c-4282-8871-84ba8a732c91
2025-07-12 05:54:28,1,kube_pod_container_status_restarts_total,kindnet-cni,10.244.1.4:8080,prometheus.scrape.annotated_pods,kube-system,kindnet-h2cj4,0addee7f-657c-4282-8871-84ba8a732c91
2025-07-12 05:55:28,1,kube_pod_container_status_restarts_total,kindnet-cni,10.244.1.4:8080,prometheus.scrape.annotated_pods,kube-system,kindnet-h2cj4,0addee7f-657c-4282-8871-84ba8a732c91
2025-07-12 05:56:28,1,kube_pod_container_status_restarts_total,kindnet-cni,10.244.1.4:8080,prometheus.scrape.annotated_pods,kube-system,kindnet-h2cj4,0addee7f-657c-4282-8871-84ba8a732c91
2025-07-12 05:57:28,1,kube_pod_container_status_restarts_total,kindnet-cni,10.244.1.4:8080,prometheus.scrape.annotated_pods,kube-system,kindnet-h2cj4,0addee7f-657c-4282-8871-84ba8a732c91
2025-07-12 05:58:28,1,kube_pod_container_status_restarts_total,kindnet-cni,10.244.1.4:8080,prometheus.scrape.annotated_pods,kube-system,kindnet-h2cj4,0addee7f-657c-4282-8871-84ba8a732c91
2025-07-12 05:59:28,1,kube_pod_container_status_restarts_total,kindnet-cni,10.244.1.4:8080,prometheus.scrape.annotated_pods,kube-system,kindnet-h2cj4,0addee7f-657c-4282-8871-84ba8a732c91
2025-07-12 06:00:28,1,kube_pod_container_status_restarts_total,kindnet-cni,10.244.1.4:8080,prometheus.scrape.annotated_pods,kube-system,kindnet-h2cj4,0addee7f-657c-4282-8871-84ba8a732c91
2025-07-12 06:01:28,1,kube_pod_container_status_restarts_total,kindnet-cni,10.244.1.4:8080,prometheus.scrape.annotated_pods,kube-system,kindnet-h2cj4,0addee7f-657c-4282-8871-84ba8a732c91
2025-07-12 06:02:28,1,kube_pod_container_status_restarts_total,kindnet-cni,10.244.1.4:8080,prometheus.scrape.annotated_pods,kube-system,kindnet-h2cj4,0addee7f-657c-4282-8871-84ba8a732c91
2025-07-12 06:03:28,1,kube_pod_container_status_restarts_total,kindnet-cni,10.244.1.4:8080,prometheus.scrape.annotated_pods,kube-system,kindnet-h2cj4,0addee7f-657c-4282-8871-84ba8a732c91
2025-07-12 06:04:28,1,kube_pod_container_status_restarts_total,kindnet-cni,10.244.1.4:8080,prometheus.scrape.annotated_pods,kube-system,kindnet-h2cj4,0addee7f-657c-4282-8871-84ba8a732c91
2025-07-12 06:05:28,1,kube_pod_container_status_restarts_total,kindnet-cni,10.244.1.4:8080,prometheus.scrape.annotated_pods,kube-system,kindnet-h2cj4,0addee7f-657c-4282-8871-84ba8a732c91
2025-07-12 06:06:28,1,kube_pod_container_status_restarts_total,kindnet-cni,10.244.1.4:8080,prometheus.scrape.annotated_pods,kube-system,kindnet-h2cj4,0addee7f-657c-4282-8871-84ba8a732c91
2025-07-12 06:07:28,1,kube_pod_container_status_restarts_total,kindnet-cni,10.244.1.4:8080,prometheus.scrape.annotated_pods,kube-system,kindnet-h2cj4,0addee7f-657c-4282-8871-84ba8a732c91
2025-07-12 06:08:28,1,kube_pod_container_status_restarts_total,kindnet-cni,10.244.1.4:8080,prometheus.scrape.annotated_pods,kube-system,kindnet-h2cj4,0addee7f-657c-4282-8871-84ba8a732c91
2025-07-12 06:09:28,1,kube_pod_container_status_restarts_total,kindnet-cni,10.244.1.4:8080,prometheus.scrape.annotated_pods,kube-system,kindnet-h2cj4,0addee7f-657c-4282-8871-84ba8a732c91
2025-07-12 06:10:28,1,kube_pod_container_status_restarts_total,kindnet-cni,10.244.1.4:8080,prometheus.scrape.annotated_pods,kube-system,kindnet-h2cj4,0addee7f-657c-4282-8871-84ba8a732c91
2025-07-12 06:11:28,1,kube_pod_container_status_restarts_total,kindnet-cni,10.244.1.4:8080,prometheus.scrape.annotated_pods,kube-system,kindnet-h2cj4,0addee7f-657c-4282-8871-84ba8a732c91
2025-07-12 06:12:28,1,kube_pod_container_status_restarts_total,kindnet-cni,10.244.1.4:8080,prometheus.scrape.annotated_pods,kube-system,kindnet-h2cj4,0addee7f-657c-4282-8871-84ba8a732c91
2025-07-12 06:13:28,1,kube_pod_container_status_restarts_total,kindnet-cni,10.244.1.4:8080,prometheus.scrape.annotated_pods,kube-system,kindnet-h2cj4,0addee7f-657c-4282-8871-84ba8a732c91
2025-07-12 05:29:28,0,kube_pod_container_status_restarts_total,kindnet-cni,10.244.1.4:8080,prometheus.scrape.annotated_pods,kube-system,kindnet-l7vkg,9cb44072-6d2f-4738-813c-29491b46a591
2025-07-12 05:30:28,0,kube_pod_container_status_restarts_total,kindnet-cni,10.244.1.4:8080,prometheus.scrape.annotated_pods,kube-system,kindnet-l7vkg,9cb44072-6d2f-4738-813c-29491b46a591
2025-07-12 05:31:28,0,kube_pod_container_status_restarts_total,kindnet-cni,10.244.1.4:8080,prometheus.scrape.annotated_pods,kube-system,kindnet-l7vkg,9cb44072-6d2f-4738-813c-29491b46a591
2025-07-12 05:32:28,0,kube_pod_container_status_restarts_total,kindnet-cni,10.244.1.4:8080,prometheus.scrape.annotated_pods,kube-system,kindnet-l7vkg,9cb44072-6d2f-4738-813c-29491b46a591
2025-07-12 05:33:28,0,kube_pod_container_status_restarts_total,kindnet-cni,10.244.1.4:8080,prometheus.scrape.annotated_pods,kube-system,kindnet-l7vkg,9cb44072-6d2f-4738-813c-29491b46a591
2025-07-12 05:34:28,0,kube_pod_container_status_restarts_total,kindnet-cni,10.244.1.4:8080,prometheus.scrape.annotated_pods,kube-system,kindnet-l7vkg,9cb44072-6d2f-4738-813c-29491b46a591
2025-07-12 05:35:28,0,kube_pod_container_status_restarts_total,kindnet-cni,10.244.1.4:8080,prometheus.scrape.annotated_pods,kube-system,kindnet-l7vkg,9cb44072-6d2f-4738-813c-29491b46a591
2025-07-12 05:36:28,0,kube_pod_container_status_restarts_total,kindnet-cni,10.244.1.4:8080,prometheus.scrape.annotated_pods,kube-system,kindnet-l7vkg,9cb44072-6d2f-4738-813c-29491b46a591
2025-07-12 05:37:28,0,kube_pod_container_status_restarts_total,kindnet-cni,10.244.1.4:8080,prometheus.scrape.annotated_pods,kube-system,kindnet-l7vkg,9cb44072-6d2f-4738-813c-29491b46a591
2025-07-12 05:38:28,0,kube_pod_container_status_restarts_total,kindnet-cni,10.244.1.4:8080,prometheus.scrape.annotated_pods,kube-system,kindnet-l7vkg,9cb44072-6d2f-4738-813c-29491b46a591
2025-07-12 05:39:28,0,kube_pod_container_status_restarts_total,kindnet-cni,10.244.1.4:8080,prometheus.scrape.annotated_pods,kube-system,kindnet-l7vkg,9cb44072-6d2f-4738-813c-29491b46a591
2025-07-12 05:40:28,0,kube_pod_container_status_restarts_total,kindnet-cni,10.244.1.4:8080,prometheus.scrape.annotated_pods,kube-system,kindnet-l7vkg,9cb44072-6d2f-4738-813c-29491b46a591
2025-07-12 05:41:28,0,kube_pod_container_status_restarts_total,kindnet-cni,10.244.1.4:8080,prometheus.scrape.annotated_pods,kube-system,kindnet-l7vkg,9cb44072-6d2f-4738-813c-29491b46a591
2025-07-12 05:42:28,0,kube_pod_container_status_restarts_total,kindnet-cni,10.244.1.4:8080,prometheus.scrape.annotated_pods,kube-system,kindnet-l7vkg,9cb44072-6d2f-4738-813c-29491b46a591
2025-07-12 05:43:28,0,kube_pod_container_status_restarts_total,kindnet-cni,10.244.1.4:8080,prometheus.scrape.annotated_pods,kube-system,kindnet-l7vkg,9cb44072-6d2f-4738-813c-29491b46a591
2025-07-12 05:44:28,0,kube_pod_container_status_restarts_total,kindnet-cni,10.244.1.4:8080,prometheus.scrape.annotated_pods,kube-system,kindnet-l7vkg,9cb44072-6d2f-4738-813c-29491b46a591
2025-07-12 05:45:28,0,kube_pod_container_status_restarts_total,kindnet-cni,10.244.1.4:8080,prometheus.scrape.annotated_pods,kube-system,kindnet-l7vkg,9cb44072-6d2f-4738-813c-29491b46a591
2025-07-12 05:46:28,0,kube_pod_container_status_restarts_total,kindnet-cni,10.244.1.4:8080,prometheus.scrape.annotated_pods,kube-system,kindnet-l7vkg,9cb44072-6d2f-4738-813c-29491b46a591
2025-07-12 05:47:28,0,kube_pod_container_status_restarts_total,kindnet-cni,10.244.1.4:8080,prometheus.scrape.annotated_pods,kube-system,kindnet-l7vkg,9cb44072-6d2f-4738-813c-29491b46a591
2025-07-12 05:48:28,0,kube_pod_container_status_restarts_total,kindnet-cni,10.244.1.4:8080,prometheus.scrape.annotated_pods,kube-system,kindnet-l7vkg,9cb44072-6d2f-4738-813c-29491b46a591
2025-07-12 05:49:28,0,kube_pod_container_status_restarts_total,kindnet-cni,10.244.1.4:8080,prometheus.scrape.annotated_pods,kube-system,kindnet-l7vkg,9cb44072-6d2f-4738-813c-29491b46a591
2025-07-12 05:50:28,0,kube_pod_container_status_restarts_total,kindnet-cni,10.244.1.4:8080,prometheus.scrape.annotated_pods,kube-system,kindnet-l7vkg,9cb44072-6d2f-4738-813c-29491b46a591
2025-07-12 05:51:28,0,kube_pod_container_status_restarts_total,kindnet-cni,10.244.1.4:8080,prometheus.scrape.annotated_pods,kube-system,kindnet-l7vkg,9cb44072-6d2f-4738-813c-29491b46a591
2025-07-12 05:52:28,0,kube_pod_container_status_restarts_total,kindnet-cni,10.244.1.4:8080,prometheus.scrape.annotated_pods,kube-system,kindnet-l7vkg,9cb44072-6d2f-4738-813c-29491b46a591
2025-07-12 05:53:28,0,kube_pod_container_status_restarts_total,kindnet-cni,10.244.1.4:8080,prometheus.scrape.annotated_pods,kube-system,kindnet-l7vkg,9cb44072-6d2f-4738-813c-29491b46a591
2025-07-12 05:54:28,0,kube_pod_container_status_restarts_total,kindnet-cni,10.244.1.4:8080,prometheus.scrape.annotated_pods,kube-system,kindnet-l7vkg,9cb44072-6d2f-4738-813c-29491b46a591
2025-07-12 05:55:28,0,kube_pod_container_status_restarts_total,kindnet-cni,10.244.1.4:8080,prometheus.scrape.annotated_pods,kube-system,kindnet-l7vkg,9cb44072-6d2f-4738-813c-29491b46a591
2025-07-12 05:56:28,0,kube_pod_container_status_restarts_total,kindnet-cni,10.244.1.4:8080,prometheus.scrape.annotated_pods,kube-system,kindnet-l7vkg,9cb44072-6d2f-4738-813c-29491b46a591
2025-07-12 05:57:28,0,kube_pod_container_status_restarts_total,kindnet-cni,10.244.1.4:8080,prometheus.scrape.annotated_pods,kube-system,kindnet-l7vkg,9cb44072-6d2f-4738-813c-29491b46a591
2025-07-12 05:58:28,0,kube_pod_container_status_restarts_total,kindnet-cni,10.244.1.4:8080,prometheus.scrape.annotated_pods,kube-system,kindnet-l7vkg,9cb44072-6d2f-4738-813c-29491b46a591
2025-07-12 05:59:28,0,kube_pod_container_status_restarts_total,kindnet-cni,10.244.1.4:8080,prometheus.scrape.annotated_pods,kube-system,kindnet-l7vkg,9cb44072-6d2f-4738-813c-29491b46a591
2025-07-12 06:00:28,0,kube_pod_container_status_restarts_total,kindnet-cni,10.244.1.4:8080,prometheus.scrape.annotated_pods,kube-system,kindnet-l7vkg,9cb44072-6d2f-4738-813c-29491b46a591
2025-07-12 06:01:28,0,kube_pod_container_status_restarts_total,kindnet-cni,10.244.1.4:8080,prometheus.scrape.annotated_pods,kube-system,kindnet-l7vkg,9cb44072-6d2f-4738-813c-29491b46a591
2025-07-12 06:02:28,0,kube_pod_container_status_restarts_total,kindnet-cni,10.244.1.4:8080,prometheus.scrape.annotated_pods,kube-system,kindnet-l7vkg,9cb44072-6d2f-4738-813c-29491b46a591
2025-07-12 06:03:28,0,kube_pod_container_status_restarts_total,kindnet-cni,10.244.1.4:8080,prometheus.scrape.annotated_pods,kube-system,kindnet-l7vkg,9cb44072-6d2f-4738-813c-29491b46a591
2025-07-12 06:04:28,0,kube_pod_container_status_restarts_total,kindnet-cni,10.244.1.4:8080,prometheus.scrape.annotated_pods,kube-system,kindnet-l7vkg,9cb44072-6d2f-4738-813c-29491b46a591
2025-07-12 06:05:28,0,kube_pod_container_status_restarts_total,kindnet-cni,10.244.1.4:8080,prometheus.scrape.annotated_pods,kube-system,kindnet-l7vkg,9cb44072-6d2f-4738-813c-29491b46a591
2025-07-12 06:06:28,0,kube_pod_container_status_restarts_total,kindnet-cni,10.244.1.4:8080,prometheus.scrape.annotated_pods,kube-system,kindnet-l7vkg,9cb44072-6d2f-4738-813c-29491b46a591
2025-07-12 06:07:28,0,kube_pod_container_status_restarts_total,kindnet-cni,10.244.1.4:8080,prometheus.scrape.annotated_pods,kube-system,kindnet-l7vkg,9cb44072-6d2f-4738-813c-29491b46a591
2025-07-12 06:08:28,0,kube_pod_container_status_restarts_total,kindnet-cni,10.244.1.4:8080,prometheus.scrape.annotated_pods,kube-system,kindnet-l7vkg,9cb44072-6d2f-4738-813c-29491b46a591
2025-07-12 06:09:28,0,kube_pod_container_status_restarts_total,kindnet-cni,10.244.1.4:8080,prometheus.scrape.annotated_pods,kube-system,kindnet-l7vkg,9cb44072-6d2f-4738-813c-29491b46a591
2025-07-12 06:10:28,0,kube_pod_container_status_restarts_total,kindnet-cni,10.244.1.4:8080,prometheus.scrape.annotated_pods,kube-system,kindnet-l7vkg,9cb44072-6d2f-4738-813c-29491b46a591
2025-07-12 06:11:28,0,kube_pod_container_status_restarts_total,kindnet-cni,10.244.1.4:8080,prometheus.scrape.annotated_pods,kube-system,kindnet-l7vkg,9cb44072-6d2f-4738-813c-29491b46a591
2025-07-12 06:12:28,0,kube_pod_container_status_restarts_total,kindnet-cni,10.244.1.4:8080,prometheus.scrape.annotated_pods,kube-system,kindnet-l7vkg,9cb44072-6d2f-4738-813c-29491b46a591
2025-07-12 06:13:28,0,kube_pod_container_status_restarts_total,kindnet-cni,10.244.1.4:8080,prometheus.scrape.annotated_pods,kube-system,kindnet-l7vkg,9cb44072-6d2f-4738-813c-29491b46a591
2025-07-12 05:29:28,0,kube_pod_container_status_restarts_total,kindnet-cni,10.244.1.4:8080,prometheus.scrape.annotated_pods,kube-system,kindnet-lr6vh,507faef6-9291-43ba-9c4f-252a462aefaa
2025-07-12 05:30:28,0,kube_pod_container_status_restarts_total,kindnet-cni,10.244.1.4:8080,prometheus.scrape.annotated_pods,kube-system,kindnet-lr6vh,507faef6-9291-43ba-9c4f-252a462aefaa
2025-07-12 05:31:28,0,kube_pod_container_status_restarts_total,kindnet-cni,10.244.1.4:8080,prometheus.scrape.annotated_pods,kube-system,kindnet-lr6vh,507faef6-9291-43ba-9c4f-252a462aefaa
2025-07-12 05:32:28,0,kube_pod_container_status_restarts_total,kindnet-cni,10.244.1.4:8080,prometheus.scrape.annotated_pods,kube-system,kindnet-lr6vh,507faef6-9291-43ba-9c4f-252a462aefaa
2025-07-12 05:33:28,0,kube_pod_container_status_restarts_total,kindnet-cni,10.244.1.4:8080,prometheus.scrape.annotated_pods,kube-system,kindnet-lr6vh,507faef6-9291-43ba-9c4f-252a462aefaa
2025-07-12 05:34:28,0,kube_pod_container_status_restarts_total,kindnet-cni,10.244.1.4:8080,prometheus.scrape.annotated_pods,kube-system,kindnet-lr6vh,507faef6-9291-43ba-9c4f-252a462aefaa
2025-07-12 05:35:28,0,kube_pod_container_status_restarts_total,kindnet-cni,10.244.1.4:8080,prometheus.scrape.annotated_pods,kube-system,kindnet-lr6vh,507faef6-9291-43ba-9c4f-252a462aefaa
2025-07-12 05:36:28,0,kube_pod_container_status_restarts_total,kindnet-cni,10.244.1.4:8080,prometheus.scrape.annotated_pods,kube-system,kindnet-lr6vh,507faef6-9291-43ba-9c4f-252a462aefaa
2025-07-12 05:37:28,0,kube_pod_container_status_restarts_total,kindnet-cni,10.244.1.4:8080,prometheus.scrape.annotated_pods,kube-system,kindnet-lr6vh,507faef6-9291-43ba-9c4f-252a462aefaa
2025-07-12 05:38:28,0,kube_pod_container_status_restarts_total,kindnet-cni,10.244.1.4:8080,prometheus.scrape.annotated_pods,kube-system,kindnet-lr6vh,507faef6-9291-43ba-9c4f-252a462aefaa
2025-07-12 05:39:28,0,kube_pod_container_status_restarts_total,kindnet-cni,10.244.1.4:8080,prometheus.scrape.annotated_pods,kube-system,kindnet-lr6vh,507faef6-9291-43ba-9c4f-252a462aefaa
2025-07-12 05:40:28,0,kube_pod_container_status_restarts_total,kindnet-cni,10.244.1.4:8080,prometheus.scrape.annotated_pods,kube-system,kindnet-lr6vh,507faef6-9291-43ba-9c4f-252a462aefaa
2025-07-12 05:41:28,0,kube_pod_container_status_restarts_total,kindnet-cni,10.244.1.4:8080,prometheus.scrape.annotated_pods,kube-system,kindnet-lr6vh,507faef6-9291-43ba-9c4f-252a462aefaa
2025-07-12 05:42:28,0,kube_pod_container_status_restarts_total,kindnet-cni,10.244.1.4:8080,prometheus.scrape.annotated_pods,kube-system,kindnet-lr6vh,507faef6-9291-43ba-9c4f-252a462aefaa
2025-07-12 05:43:28,0,kube_pod_container_status_restarts_total,kindnet-cni,10.244.1.4:8080,prometheus.scrape.annotated_pods,kube-system,kindnet-lr6vh,507faef6-9291-43ba-9c4f-252a462aefaa
2025-07-12 05:44:28,0,kube_pod_container_status_restarts_total,kindnet-cni,10.244.1.4:8080,prometheus.scrape.annotated_pods,kube-system,kindnet-lr6vh,507faef6-9291-43ba-9c4f-252a462aefaa
2025-07-12 05:45:28,0,kube_pod_container_status_restarts_total,kindnet-cni,10.244.1.4:8080,prometheus.scrape.annotated_pods,kube-system,kindnet-lr6vh,507faef6-9291-43ba-9c4f-252a462aefaa
2025-07-12 05:46:28,0,kube_pod_container_status_restarts_total,kindnet-cni,10.244.1.4:8080,prometheus.scrape.annotated_pods,kube-system,kindnet-lr6vh,507faef6-9291-43ba-9c4f-252a462aefaa
2025-07-12 05:47:28,0,kube_pod_container_status_restarts_total,kindnet-cni,10.244.1.4:8080,prometheus.scrape.annotated_pods,kube-system,kindnet-lr6vh,507faef6-9291-43ba-9c4f-252a462aefaa
2025-07-12 05:48:28,0,kube_pod_container_status_restarts_total,kindnet-cni,10.244.1.4:8080,prometheus.scrape.annotated_pods,kube-system,kindnet-lr6vh,507faef6-9291-43ba-9c4f-252a462aefaa
2025-07-12 05:49:28,0,kube_pod_container_status_restarts_total,kindnet-cni,10.244.1.4:8080,prometheus.scrape.annotated_pods,kube-system,kindnet-lr6vh,507faef6-9291-43ba-9c4f-252a462aefaa
2025-07-12 05:50:28,0,kube_pod_container_status_restarts_total,kindnet-cni,10.244.1.4:8080,prometheus.scrape.annotated_pods,kube-system,kindnet-lr6vh,507faef6-9291-43ba-9c4f-252a462aefaa
2025-07-12 05:51:28,0,kube_pod_container_status_restarts_total,kindnet-cni,10.244.1.4:8080,prometheus.scrape.annotated_pods,kube-system,kindnet-lr6vh,507faef6-9291-43ba-9c4f-252a462aefaa
2025-07-12 05:52:28,0,kube_pod_container_status_restarts_total,kindnet-cni,10.244.1.4:8080,prometheus.scrape.annotated_pods,kube-system,kindnet-lr6vh,507faef6-9291-43ba-9c4f-252a462aefaa
2025-07-12 05:53:28,0,kube_pod_container_status_restarts_total,kindnet-cni,10.244.1.4:8080,prometheus.scrape.annotated_pods,kube-system,kindnet-lr6vh,507faef6-9291-43ba-9c4f-252a462aefaa
2025-07-12 05:54:28,0,kube_pod_container_status_restarts_total,kindnet-cni,10.244.1.4:8080,prometheus.scrape.annotated_pods,kube-system,kindnet-lr6vh,507faef6-9291-43ba-9c4f-252a462aefaa
2025-07-12 05:55:28,0,kube_pod_container_status_restarts_total,kindnet-cni,10.244.1.4:8080,prometheus.scrape.annotated_pods,kube-system,kindnet-lr6vh,507faef6-9291-43ba-9c4f-252a462aefaa
2025-07-12 05:56:28,0,kube_pod_container_status_restarts_total,kindnet-cni,10.244.1.4:8080,prometheus.scrape.annotated_pods,kube-system,kindnet-lr6vh,507faef6-9291-43ba-9c4f-252a462aefaa
2025-07-12 05:57:28,0,kube_pod_container_status_restarts_total,kindnet-cni,10.244.1.4:8080,prometheus.scrape.annotated_pods,kube-system,kindnet-lr6vh,507faef6-9291-43ba-9c4f-252a462aefaa
2025-07-12 05:58:28,0,kube_pod_container_status_restarts_total,kindnet-cni,10.244.1.4:8080,prometheus.scrape.annotated_pods,kube-system,kindnet-lr6vh,507faef6-9291-43ba-9c4f-252a462aefaa
2025-07-12 05:59:28,0,kube_pod_container_status_restarts_total,kindnet-cni,10.244.1.4:8080,prometheus.scrape.annotated_pods,kube-system,kindnet-lr6vh,507faef6-9291-43ba-9c4f-252a462aefaa
2025-07-12 06:00:28,0,kube_pod_container_status_restarts_total,kindnet-cni,10.244.1.4:8080,prometheus.scrape.annotated_pods,kube-system,kindnet-lr6vh,507faef6-9291-43ba-9c4f-252a462aefaa
2025-07-12 06:01:28,0,kube_pod_container_status_restarts_total,kindnet-cni,10.244.1.4:8080,prometheus.scrape.annotated_pods,kube-system,kindnet-lr6vh,507faef6-9291-43ba-9c4f-252a462aefaa
2025-07-12 06:02:28,0,kube_pod_container_status_restarts_total,kindnet-cni,10.244.1.4:8080,prometheus.scrape.annotated_pods,kube-system,kindnet-lr6vh,507faef6-9291-43ba-9c4f-252a462aefaa
2025-07-12 06:03:28,0,kube_pod_container_status_restarts_total,kindnet-cni,10.244.1.4:8080,prometheus.scrape.annotated_pods,kube-system,kindnet-lr6vh,507faef6-9291-43ba-9c4f-252a462aefaa
2025-07-12 06:04:28,0,kube_pod_container_status_restarts_total,kindnet-cni,10.244.1.4:8080,prometheus.scrape.annotated_pods,kube-system,kindnet-lr6vh,507faef6-9291-43ba-9c4f-252a462aefaa
2025-07-12 06:05:28,0,kube_pod_container_status_restarts_total,kindnet-cni,10.244.1.4:8080,prometheus.scrape.annotated_pods,kube-system,kindnet-lr6vh,507faef6-9291-43ba-9c4f-252a462aefaa
2025-07-12 06:06:28,0,kube_pod_container_status_restarts_total,kindnet-cni,10.244.1.4:8080,prometheus.scrape.annotated_pods,kube-system,kindnet-lr6vh,507faef6-9291-43ba-9c4f-252a462aefaa
2025-07-12 06:07:28,0,kube_pod_container_status_restarts_total,kindnet-cni,10.244.1.4:8080,prometheus.scrape.annotated_pods,kube-system,kindnet-lr6vh,507faef6-9291-43ba-9c4f-252a462aefaa
2025-07-12 06:08:28,0,kube_pod_container_status_restarts_total,kindnet-cni,10.244.1.4:8080,prometheus.scrape.annotated_pods,kube-system,kindnet-lr6vh,507faef6-9291-43ba-9c4f-252a462aefaa
2025-07-12 06:09:28,0,kube_pod_container_status_restarts_total,kindnet-cni,10.244.1.4:8080,prometheus.scrape.annotated_pods,kube-system,kindnet-lr6vh,507faef6-9291-43ba-9c4f-252a462aefaa
2025-07-12 06:10:28,0,kube_pod_container_status_restarts_total,kindnet-cni,10.244.1.4:8080,prometheus.scrape.annotated_pods,kube-system,kindnet-lr6vh,507faef6-9291-43ba-9c4f-252a462aefaa
2025-07-12 06:11:28,0,kube_pod_container_status_restarts_total,kindnet-cni,10.244.1.4:8080,prometheus.scrape.annotated_pods,kube-system,kindnet-lr6vh,507faef6-9291-43ba-9c4f-252a462aefaa
2025-07-12 06:12:28,0,kube_pod_container_status_restarts_total,kindnet-cni,10.244.1.4:8080,prometheus.scrape.annotated_pods,kube-system,kindnet-lr6vh,507faef6-9291-43ba-9c4f-252a462aefaa
2025-07-12 06:13:28,0,kube_pod_container_status_restarts_total,kindnet-cni,10.244.1.4:8080,prometheus.scrape.annotated_pods,kube-system,kindnet-lr6vh,507faef6-9291-43ba-9c4f-252a462aefaa
2025-07-12 05:30:28,1,kube_pod_container_status_restarts_total,kindnet-cni,kube-state-metrics.nimbusguard.svc:8080,prometheus.scrape.kube_state_metrics,kube-system,kindnet-h2cj4,0addee7f-657c-4282-8871-84ba8a732c91
2025-07-12 05:31:28,1,kube_pod_container_status_restarts_total,kindnet-cni,kube-state-metrics.nimbusguard.svc:8080,prometheus.scrape.kube_state_metrics,kube-system,kindnet-h2cj4,0addee7f-657c-4282-8871-84ba8a732c91
2025-07-12 05:32:28,1,kube_pod_container_status_restarts_total,kindnet-cni,kube-state-metrics.nimbusguard.svc:8080,prometheus.scrape.kube_state_metrics,kube-system,kindnet-h2cj4,0addee7f-657c-4282-8871-84ba8a732c91
2025-07-12 05:33:28,1,kube_pod_container_status_restarts_total,kindnet-cni,kube-state-metrics.nimbusguard.svc:8080,prometheus.scrape.kube_state_metrics,kube-system,kindnet-h2cj4,0addee7f-657c-4282-8871-84ba8a732c91
2025-07-12 05:34:28,1,kube_pod_container_status_restarts_total,kindnet-cni,kube-state-metrics.nimbusguard.svc:8080,prometheus.scrape.kube_state_metrics,kube-system,kindnet-h2cj4,0addee7f-657c-4282-8871-84ba8a732c91
2025-07-12 05:35:28,1,kube_pod_container_status_restarts_total,kindnet-cni,kube-state-metrics.nimbusguard.svc:8080,prometheus.scrape.kube_state_metrics,kube-system,kindnet-h2cj4,0addee7f-657c-4282-8871-84ba8a732c91
2025-07-12 05:36:28,1,kube_pod_container_status_restarts_total,kindnet-cni,kube-state-metrics.nimbusguard.svc:8080,prometheus.scrape.kube_state_metrics,kube-system,kindnet-h2cj4,0addee7f-657c-4282-8871-84ba8a732c91
2025-07-12 05:37:28,1,kube_pod_container_status_restarts_total,kindnet-cni,kube-state-metrics.nimbusguard.svc:8080,prometheus.scrape.kube_state_metrics,kube-system,kindnet-h2cj4,0addee7f-657c-4282-8871-84ba8a732c91
2025-07-12 05:38:28,1,kube_pod_container_status_restarts_total,kindnet-cni,kube-state-metrics.nimbusguard.svc:8080,prometheus.scrape.kube_state_metrics,kube-system,kindnet-h2cj4,0addee7f-657c-4282-8871-84ba8a732c91
2025-07-12 05:39:28,1,kube_pod_container_status_restarts_total,kindnet-cni,kube-state-metrics.nimbusguard.svc:8080,prometheus.scrape.kube_state_metrics,kube-system,kindnet-h2cj4,0addee7f-657c-4282-8871-84ba8a732c91
2025-07-12 05:40:28,1,kube_pod_container_status_restarts_total,kindnet-cni,kube-state-metrics.nimbusguard.svc:8080,prometheus.scrape.kube_state_metrics,kube-system,kindnet-h2cj4,0addee7f-657c-4282-8871-84ba8a732c91
2025-07-12 05:41:28,1,kube_pod_container_status_restarts_total,kindnet-cni,kube-state-metrics.nimbusguard.svc:8080,prometheus.scrape.kube_state_metrics,kube-system,kindnet-h2cj4,0addee7f-657c-4282-8871-84ba8a732c91
2025-07-12 05:42:28,1,kube_pod_container_status_restarts_total,kindnet-cni,kube-state-metrics.nimbusguard.svc:8080,prometheus.scrape.kube_state_metrics,kube-system,kindnet-h2cj4,0addee7f-657c-4282-8871-84ba8a732c91
2025-07-12 05:43:28,1,kube_pod_container_status_restarts_total,kindnet-cni,kube-state-metrics.nimbusguard.svc:8080,prometheus.scrape.kube_state_metrics,kube-system,kindnet-h2cj4,0addee7f-657c-4282-8871-84ba8a732c91
2025-07-12 05:44:28,1,kube_pod_container_status_restarts_total,kindnet-cni,kube-state-metrics.nimbusguard.svc:8080,prometheus.scrape.kube_state_metrics,kube-system,kindnet-h2cj4,0addee7f-657c-4282-8871-84ba8a732c91
2025-07-12 05:45:28,1,kube_pod_container_status_restarts_total,kindnet-cni,kube-state-metrics.nimbusguard.svc:8080,prometheus.scrape.kube_state_metrics,kube-system,kindnet-h2cj4,0addee7f-657c-4282-8871-84ba8a732c91
2025-07-12 05:46:28,1,kube_pod_container_status_restarts_total,kindnet-cni,kube-state-metrics.nimbusguard.svc:8080,prometheus.scrape.kube_state_metrics,kube-system,kindnet-h2cj4,0addee7f-657c-4282-8871-84ba8a732c91
2025-07-12 05:47:28,1,kube_pod_container_status_restarts_total,kindnet-cni,kube-state-metrics.nimbusguard.svc:8080,prometheus.scrape.kube_state_metrics,kube-system,kindnet-h2cj4,0addee7f-657c-4282-8871-84ba8a732c91
2025-07-12 05:48:28,1,kube_pod_container_status_restarts_total,kindnet-cni,kube-state-metrics.nimbusguard.svc:8080,prometheus.scrape.kube_state_metrics,kube-system,kindnet-h2cj4,0addee7f-657c-4282-8871-84ba8a732c91
2025-07-12 05:49:28,1,kube_pod_container_status_restarts_total,kindnet-cni,kube-state-metrics.nimbusguard.svc:8080,prometheus.scrape.kube_state_metrics,kube-system,kindnet-h2cj4,0addee7f-657c-4282-8871-84ba8a732c91
2025-07-12 05:50:28,1,kube_pod_container_status_restarts_total,kindnet-cni,kube-state-metrics.nimbusguard.svc:8080,prometheus.scrape.kube_state_metrics,kube-system,kindnet-h2cj4,0addee7f-657c-4282-8871-84ba8a732c91
2025-07-12 05:51:28,1,kube_pod_container_status_restarts_total,kindnet-cni,kube-state-metrics.nimbusguard.svc:8080,prometheus.scrape.kube_state_metrics,kube-system,kindnet-h2cj4,0addee7f-657c-4282-8871-84ba8a732c91
2025-07-12 05:52:28,1,kube_pod_container_status_restarts_total,kindnet-cni,kube-state-metrics.nimbusguard.svc:8080,prometheus.scrape.kube_state_metrics,kube-system,kindnet-h2cj4,0addee7f-657c-4282-8871-84ba8a732c91
2025-07-12 05:53:28,1,kube_pod_container_status_restarts_total,kindnet-cni,kube-state-metrics.nimbusguard.svc:8080,prometheus.scrape.kube_state_metrics,kube-system,kindnet-h2cj4,0addee7f-657c-4282-8871-84ba8a732c91
2025-07-12 05:54:28,1,kube_pod_container_status_restarts_total,kindnet-cni,kube-state-metrics.nimbusguard.svc:8080,prometheus.scrape.kube_state_metrics,kube-system,kindnet-h2cj4,0addee7f-657c-4282-8871-84ba8a732c91
2025-07-12 05:55:28,1,kube_pod_container_status_restarts_total,kindnet-cni,kube-state-metrics.nimbusguard.svc:8080,prometheus.scrape.kube_state_metrics,kube-system,kindnet-h2cj4,0addee7f-657c-4282-8871-84ba8a732c91
2025-07-12 05:56:28,1,kube_pod_container_status_restarts_total,kindnet-cni,kube-state-metrics.nimbusguard.svc:8080,prometheus.scrape.kube_state_metrics,kube-system,kindnet-h2cj4,0addee7f-657c-4282-8871-84ba8a732c91
2025-07-12 05:57:28,1,kube_pod_container_status_restarts_total,kindnet-cni,kube-state-metrics.nimbusguard.svc:8080,prometheus.scrape.kube_state_metrics,kube-system,kindnet-h2cj4,0addee7f-657c-4282-8871-84ba8a732c91
2025-07-12 05:58:28,1,kube_pod_container_status_restarts_total,kindnet-cni,kube-state-metrics.nimbusguard.svc:8080,prometheus.scrape.kube_state_metrics,kube-system,kindnet-h2cj4,0addee7f-657c-4282-8871-84ba8a732c91
2025-07-12 05:59:28,1,kube_pod_container_status_restarts_total,kindnet-cni,kube-state-metrics.nimbusguard.svc:8080,prometheus.scrape.kube_state_metrics,kube-system,kindnet-h2cj4,0addee7f-657c-4282-8871-84ba8a732c91
2025-07-12 06:00:28,1,kube_pod_container_status_restarts_total,kindnet-cni,kube-state-metrics.nimbusguard.svc:8080,prometheus.scrape.kube_state_metrics,kube-system,kindnet-h2cj4,0addee7f-657c-4282-8871-84ba8a732c91
2025-07-12 06:01:28,1,kube_pod_container_status_restarts_total,kindnet-cni,kube-state-metrics.nimbusguard.svc:8080,prometheus.scrape.kube_state_metrics,kube-system,kindnet-h2cj4,0addee7f-657c-4282-8871-84ba8a732c91
2025-07-12 06:02:28,1,kube_pod_container_status_restarts_total,kindnet-cni,kube-state-metrics.nimbusguard.svc:8080,prometheus.scrape.kube_state_metrics,kube-system,kindnet-h2cj4,0addee7f-657c-4282-8871-84ba8a732c91
2025-07-12 06:03:28,1,kube_pod_container_status_restarts_total,kindnet-cni,kube-state-metrics.nimbusguard.svc:8080,prometheus.scrape.kube_state_metrics,kube-system,kindnet-h2cj4,0addee7f-657c-4282-8871-84ba8a732c91
2025-07-12 06:04:28,1,kube_pod_container_status_restarts_total,kindnet-cni,kube-state-metrics.nimbusguard.svc:8080,prometheus.scrape.kube_state_metrics,kube-system,kindnet-h2cj4,0addee7f-657c-4282-8871-84ba8a732c91
2025-07-12 06:05:28,1,kube_pod_container_status_restarts_total,kindnet-cni,kube-state-metrics.nimbusguard.svc:8080,prometheus.scrape.kube_state_metrics,kube-system,kindnet-h2cj4,0addee7f-657c-4282-8871-84ba8a732c91
2025-07-12 06:06:28,1,kube_pod_container_status_restarts_total,kindnet-cni,kube-state-metrics.nimbusguard.svc:8080,prometheus.scrape.kube_state_metrics,kube-system,kindnet-h2cj4,0addee7f-657c-4282-8871-84ba8a732c91
2025-07-12 06:07:28,1,kube_pod_container_status_restarts_total,kindnet-cni,kube-state-metrics.nimbusguard.svc:8080,prometheus.scrape.kube_state_metrics,kube-system,kindnet-h2cj4,0addee7f-657c-4282-8871-84ba8a732c91
2025-07-12 06:08:28,1,kube_pod_container_status_restarts_total,kindnet-cni,kube-state-metrics.nimbusguard.svc:8080,prometheus.scrape.kube_state_metrics,kube-system,kindnet-h2cj4,0addee7f-657c-4282-8871-84ba8a732c91
2025-07-12 06:09:28,1,kube_pod_container_status_restarts_total,kindnet-cni,kube-state-metrics.nimbusguard.svc:8080,prometheus.scrape.kube_state_metrics,kube-system,kindnet-h2cj4,0addee7f-657c-4282-8871-84ba8a732c91
2025-07-12 06:10:28,1,kube_pod_container_status_restarts_total,kindnet-cni,kube-state-metrics.nimbusguard.svc:8080,prometheus.scrape.kube_state_metrics,kube-system,kindnet-h2cj4,0addee7f-657c-4282-8871-84ba8a732c91
2025-07-12 06:11:28,1,kube_pod_container_status_restarts_total,kindnet-cni,kube-state-metrics.nimbusguard.svc:8080,prometheus.scrape.kube_state_metrics,kube-system,kindnet-h2cj4,0addee7f-657c-4282-8871-84ba8a732c91
2025-07-12 06:12:28,1,kube_pod_container_status_restarts_total,kindnet-cni,kube-state-metrics.nimbusguard.svc:8080,prometheus.scrape.kube_state_metrics,kube-system,kindnet-h2cj4,0addee7f-657c-4282-8871-84ba8a732c91
2025-07-12 06:13:28,1,kube_pod_container_status_restarts_total,kindnet-cni,kube-state-metrics.nimbusguard.svc:8080,prometheus.scrape.kube_state_metrics,kube-system,kindnet-h2cj4,0addee7f-657c-4282-8871-84ba8a732c91
2025-07-12 05:30:28,0,kube_pod_container_status_restarts_total,kindnet-cni,kube-state-metrics.nimbusguard.svc:8080,prometheus.scrape.kube_state_metrics,kube-system,kindnet-l7vkg,9cb44072-6d2f-4738-813c-29491b46a591
2025-07-12 05:31:28,0,kube_pod_container_status_restarts_total,kindnet-cni,kube-state-metrics.nimbusguard.svc:8080,prometheus.scrape.kube_state_metrics,kube-system,kindnet-l7vkg,9cb44072-6d2f-4738-813c-29491b46a591
2025-07-12 05:32:28,0,kube_pod_container_status_restarts_total,kindnet-cni,kube-state-metrics.nimbusguard.svc:8080,prometheus.scrape.kube_state_metrics,kube-system,kindnet-l7vkg,9cb44072-6d2f-4738-813c-29491b46a591
2025-07-12 05:33:28,0,kube_pod_container_status_restarts_total,kindnet-cni,kube-state-metrics.nimbusguard.svc:8080,prometheus.scrape.kube_state_metrics,kube-system,kindnet-l7vkg,9cb44072-6d2f-4738-813c-29491b46a591
2025-07-12 05:34:28,0,kube_pod_container_status_restarts_total,kindnet-cni,kube-state-metrics.nimbusguard.svc:8080,prometheus.scrape.kube_state_metrics,kube-system,kindnet-l7vkg,9cb44072-6d2f-4738-813c-29491b46a591
2025-07-12 05:35:28,0,kube_pod_container_status_restarts_total,kindnet-cni,kube-state-metrics.nimbusguard.svc:8080,prometheus.scrape.kube_state_metrics,kube-system,kindnet-l7vkg,9cb44072-6d2f-4738-813c-29491b46a591
2025-07-12 05:36:28,0,kube_pod_container_status_restarts_total,kindnet-cni,kube-state-metrics.nimbusguard.svc:8080,prometheus.scrape.kube_state_metrics,kube-system,kindnet-l7vkg,9cb44072-6d2f-4738-813c-29491b46a591
2025-07-12 05:37:28,0,kube_pod_container_status_restarts_total,kindnet-cni,kube-state-metrics.nimbusguard.svc:8080,prometheus.scrape.kube_state_metrics,kube-system,kindnet-l7vkg,9cb44072-6d2f-4738-813c-29491b46a591
2025-07-12 05:38:28,0,kube_pod_container_status_restarts_total,kindnet-cni,kube-state-metrics.nimbusguard.svc:8080,prometheus.scrape.kube_state_metrics,kube-system,kindnet-l7vkg,9cb44072-6d2f-4738-813c-29491b46a591
2025-07-12 05:39:28,0,kube_pod_container_status_restarts_total,kindnet-cni,kube-state-metrics.nimbusguard.svc:8080,prometheus.scrape.kube_state_metrics,kube-system,kindnet-l7vkg,9cb44072-6d2f-4738-813c-29491b46a591
2025-07-12 05:40:28,0,kube_pod_container_status_restarts_total,kindnet-cni,kube-state-metrics.nimbusguard.svc:8080,prometheus.scrape.kube_state_metrics,kube-system,kindnet-l7vkg,9cb44072-6d2f-4738-813c-29491b46a591
2025-07-12 05:41:28,0,kube_pod_container_status_restarts_total,kindnet-cni,kube-state-metrics.nimbusguard.svc:8080,prometheus.scrape.kube_state_metrics,kube-system,kindnet-l7vkg,9cb44072-6d2f-4738-813c-29491b46a591
2025-07-12 05:42:28,0,kube_pod_container_status_restarts_total,kindnet-cni,kube-state-metrics.nimbusguard.svc:8080,prometheus.scrape.kube_state_metrics,kube-system,kindnet-l7vkg,9cb44072-6d2f-4738-813c-29491b46a591
2025-07-12 05:43:28,0,kube_pod_container_status_restarts_total,kindnet-cni,kube-state-metrics.nimbusguard.svc:8080,prometheus.scrape.kube_state_metrics,kube-system,kindnet-l7vkg,9cb44072-6d2f-4738-813c-29491b46a591
2025-07-12 05:44:28,0,kube_pod_container_status_restarts_total,kindnet-cni,kube-state-metrics.nimbusguard.svc:8080,prometheus.scrape.kube_state_metrics,kube-system,kindnet-l7vkg,9cb44072-6d2f-4738-813c-29491b46a591
2025-07-12 05:45:28,0,kube_pod_container_status_restarts_total,kindnet-cni,kube-state-metrics.nimbusguard.svc:8080,prometheus.scrape.kube_state_metrics,kube-system,kindnet-l7vkg,9cb44072-6d2f-4738-813c-29491b46a591
2025-07-12 05:46:28,0,kube_pod_container_status_restarts_total,kindnet-cni,kube-state-metrics.nimbusguard.svc:8080,prometheus.scrape.kube_state_metrics,kube-system,kindnet-l7vkg,9cb44072-6d2f-4738-813c-29491b46a591
2025-07-12 05:47:28,0,kube_pod_container_status_restarts_total,kindnet-cni,kube-state-metrics.nimbusguard.svc:8080,prometheus.scrape.kube_state_metrics,kube-system,kindnet-l7vkg,9cb44072-6d2f-4738-813c-29491b46a591
2025-07-12 05:48:28,0,kube_pod_container_status_restarts_total,kindnet-cni,kube-state-metrics.nimbusguard.svc:8080,prometheus.scrape.kube_state_metrics,kube-system,kindnet-l7vkg,9cb44072-6d2f-4738-813c-29491b46a591
2025-07-12 05:49:28,0,kube_pod_container_status_restarts_total,kindnet-cni,kube-state-metrics.nimbusguard.svc:8080,prometheus.scrape.kube_state_metrics,kube-system,kindnet-l7vkg,9cb44072-6d2f-4738-813c-29491b46a591
2025-07-12 05:50:28,0,kube_pod_container_status_restarts_total,kindnet-cni,kube-state-metrics.nimbusguard.svc:8080,prometheus.scrape.kube_state_metrics,kube-system,kindnet-l7vkg,9cb44072-6d2f-4738-813c-29491b46a591
2025-07-12 05:51:28,0,kube_pod_container_status_restarts_total,kindnet-cni,kube-state-metrics.nimbusguard.svc:8080,prometheus.scrape.kube_state_metrics,kube-system,kindnet-l7vkg,9cb44072-6d2f-4738-813c-29491b46a591
2025-07-12 05:52:28,0,kube_pod_container_status_restarts_total,kindnet-cni,kube-state-metrics.nimbusguard.svc:8080,prometheus.scrape.kube_state_metrics,kube-system,kindnet-l7vkg,9cb44072-6d2f-4738-813c-29491b46a591
2025-07-12 05:53:28,0,kube_pod_container_status_restarts_total,kindnet-cni,kube-state-metrics.nimbusguard.svc:8080,prometheus.scrape.kube_state_metrics,kube-system,kindnet-l7vkg,9cb44072-6d2f-4738-813c-29491b46a591
2025-07-12 05:54:28,0,kube_pod_container_status_restarts_total,kindnet-cni,kube-state-metrics.nimbusguard.svc:8080,prometheus.scrape.kube_state_metrics,kube-system,kindnet-l7vkg,9cb44072-6d2f-4738-813c-29491b46a591
2025-07-12 05:55:28,0,kube_pod_container_status_restarts_total,kindnet-cni,kube-state-metrics.nimbusguard.svc:8080,prometheus.scrape.kube_state_metrics,kube-system,kindnet-l7vkg,9cb44072-6d2f-4738-813c-29491b46a591
2025-07-12 05:56:28,0,kube_pod_container_status_restarts_total,kindnet-cni,kube-state-metrics.nimbusguard.svc:8080,prometheus.scrape.kube_state_metrics,kube-system,kindnet-l7vkg,9cb44072-6d2f-4738-813c-29491b46a591
2025-07-12 05:57:28,0,kube_pod_container_status_restarts_total,kindnet-cni,kube-state-metrics.nimbusguard.svc:8080,prometheus.scrape.kube_state_metrics,kube-system,kindnet-l7vkg,9cb44072-6d2f-4738-813c-29491b46a591
2025-07-12 05:58:28,0,kube_pod_container_status_restarts_total,kindnet-cni,kube-state-metrics.nimbusguard.svc:8080,prometheus.scrape.kube_state_metrics,kube-system,kindnet-l7vkg,9cb44072-6d2f-4738-813c-29491b46a591
2025-07-12 05:59:28,0,kube_pod_container_status_restarts_total,kindnet-cni,kube-state-metrics.nimbusguard.svc:8080,prometheus.scrape.kube_state_metrics,kube-system,kindnet-l7vkg,9cb44072-6d2f-4738-813c-29491b46a591
2025-07-12 06:00:28,0,kube_pod_container_status_restarts_total,kindnet-cni,kube-state-metrics.nimbusguard.svc:8080,prometheus.scrape.kube_state_metrics,kube-system,kindnet-l7vkg,9cb44072-6d2f-4738-813c-29491b46a591
2025-07-12 06:01:28,0,kube_pod_container_status_restarts_total,kindnet-cni,kube-state-metrics.nimbusguard.svc:8080,prometheus.scrape.kube_state_metrics,kube-system,kindnet-l7vkg,9cb44072-6d2f-4738-813c-29491b46a591
2025-07-12 06:02:28,0,kube_pod_container_status_restarts_total,kindnet-cni,kube-state-metrics.nimbusguard.svc:8080,prometheus.scrape.kube_state_metrics,kube-system,kindnet-l7vkg,9cb44072-6d2f-4738-813c-29491b46a591
2025-07-12 06:03:28,0,kube_pod_container_status_restarts_total,kindnet-cni,kube-state-metrics.nimbusguard.svc:8080,prometheus.scrape.kube_state_metrics,kube-system,kindnet-l7vkg,9cb44072-6d2f-4738-813c-29491b46a591
2025-07-12 06:04:28,0,kube_pod_container_status_restarts_total,kindnet-cni,kube-state-metrics.nimbusguard.svc:8080,prometheus.scrape.kube_state_metrics,kube-system,kindnet-l7vkg,9cb44072-6d2f-4738-813c-29491b46a591
2025-07-12 06:05:28,0,kube_pod_container_status_restarts_total,kindnet-cni,kube-state-metrics.nimbusguard.svc:8080,prometheus.scrape.kube_state_metrics,kube-system,kindnet-l7vkg,9cb44072-6d2f-4738-813c-29491b46a591
2025-07-12 06:06:28,0,kube_pod_container_status_restarts_total,kindnet-cni,kube-state-metrics.nimbusguard.svc:8080,prometheus.scrape.kube_state_metrics,kube-system,kindnet-l7vkg,9cb44072-6d2f-4738-813c-29491b46a591
2025-07-12 06:07:28,0,kube_pod_container_status_restarts_total,kindnet-cni,kube-state-metrics.nimbusguard.svc:8080,prometheus.scrape.kube_state_metrics,kube-system,kindnet-l7vkg,9cb44072-6d2f-4738-813c-29491b46a591
2025-07-12 06:08:28,0,kube_pod_container_status_restarts_total,kindnet-cni,kube-state-metrics.nimbusguard.svc:8080,prometheus.scrape.kube_state_metrics,kube-system,kindnet-l7vkg,9cb44072-6d2f-4738-813c-29491b46a591
2025-07-12 06:09:28,0,kube_pod_container_status_restarts_total,kindnet-cni,kube-state-metrics.nimbusguard.svc:8080,prometheus.scrape.kube_state_metrics,kube-system,kindnet-l7vkg,9cb44072-6d2f-4738-813c-29491b46a591
2025-07-12 06:10:28,0,kube_pod_container_status_restarts_total,kindnet-cni,kube-state-metrics.nimbusguard.svc:8080,prometheus.scrape.kube_state_metrics,kube-system,kindnet-l7vkg,9cb44072-6d2f-4738-813c-29491b46a591
2025-07-12 06:11:28,0,kube_pod_container_status_restarts_total,kindnet-cni,kube-state-metrics.nimbusguard.svc:8080,prometheus.scrape.kube_state_metrics,kube-system,kindnet-l7vkg,9cb44072-6d2f-4738-813c-29491b46a591
2025-07-12 06:12:28,0,kube_pod_container_status_restarts_total,kindnet-cni,kube-state-metrics.nimbusguard.svc:8080,prometheus.scrape.kube_state_metrics,kube-system,kindnet-l7vkg,9cb44072-6d2f-4738-813c-29491b46a591
2025-07-12 06:13:28,0,kube_pod_container_status_restarts_total,kindnet-cni,kube-state-metrics.nimbusguard.svc:8080,prometheus.scrape.kube_state_metrics,kube-system,kindnet-l7vkg,9cb44072-6d2f-4738-813c-29491b46a591
2025-07-12 05:30:28,0,kube_pod_container_status_restarts_total,kindnet-cni,kube-state-metrics.nimbusguard.svc:8080,prometheus.scrape.kube_state_metrics,kube-system,kindnet-lr6vh,507faef6-9291-43ba-9c4f-252a462aefaa
2025-07-12 05:31:28,0,kube_pod_container_status_restarts_total,kindnet-cni,kube-state-metrics.nimbusguard.svc:8080,prometheus.scrape.kube_state_metrics,kube-system,kindnet-lr6vh,507faef6-9291-43ba-9c4f-252a462aefaa
2025-07-12 05:32:28,0,kube_pod_container_status_restarts_total,kindnet-cni,kube-state-metrics.nimbusguard.svc:8080,prometheus.scrape.kube_state_metrics,kube-system,kindnet-lr6vh,507faef6-9291-43ba-9c4f-252a462aefaa
2025-07-12 05:33:28,0,kube_pod_container_status_restarts_total,kindnet-cni,kube-state-metrics.nimbusguard.svc:8080,prometheus.scrape.kube_state_metrics,kube-system,kindnet-lr6vh,507faef6-9291-43ba-9c4f-252a462aefaa
2025-07-12 05:34:28,0,kube_pod_container_status_restarts_total,kindnet-cni,kube-state-metrics.nimbusguard.svc:8080,prometheus.scrape.kube_state_metrics,kube-system,kindnet-lr6vh,507faef6-9291-43ba-9c4f-252a462aefaa
2025-07-12 05:35:28,0,kube_pod_container_status_restarts_total,kindnet-cni,kube-state-metrics.nimbusguard.svc:8080,prometheus.scrape.kube_state_metrics,kube-system,kindnet-lr6vh,507faef6-9291-43ba-9c4f-252a462aefaa
2025-07-12 05:36:28,0,kube_pod_container_status_restarts_total,kindnet-cni,kube-state-metrics.nimbusguard.svc:8080,prometheus.scrape.kube_state_metrics,kube-system,kindnet-lr6vh,507faef6-9291-43ba-9c4f-252a462aefaa
2025-07-12 05:37:28,0,kube_pod_container_status_restarts_total,kindnet-cni,kube-state-metrics.nimbusguard.svc:8080,prometheus.scrape.kube_state_metrics,kube-system,kindnet-lr6vh,507faef6-9291-43ba-9c4f-252a462aefaa
2025-07-12 05:38:28,0,kube_pod_container_status_restarts_total,kindnet-cni,kube-state-metrics.nimbusguard.svc:8080,prometheus.scrape.kube_state_metrics,kube-system,kindnet-lr6vh,507faef6-9291-43ba-9c4f-252a462aefaa
2025-07-12 05:39:28,0,kube_pod_container_status_restarts_total,kindnet-cni,kube-state-metrics.nimbusguard.svc:8080,prometheus.scrape.kube_state_metrics,kube-system,kindnet-lr6vh,507faef6-9291-43ba-9c4f-252a462aefaa
2025-07-12 05:40:28,0,kube_pod_container_status_restarts_total,kindnet-cni,kube-state-metrics.nimbusguard.svc:8080,prometheus.scrape.kube_state_metrics,kube-system,kindnet-lr6vh,507faef6-9291-43ba-9c4f-252a462aefaa
2025-07-12 05:41:28,0,kube_pod_container_status_restarts_total,kindnet-cni,kube-state-metrics.nimbusguard.svc:8080,prometheus.scrape.kube_state_metrics,kube-system,kindnet-lr6vh,507faef6-9291-43ba-9c4f-252a462aefaa
2025-07-12 05:42:28,0,kube_pod_container_status_restarts_total,kindnet-cni,kube-state-metrics.nimbusguard.svc:8080,prometheus.scrape.kube_state_metrics,kube-system,kindnet-lr6vh,507faef6-9291-43ba-9c4f-252a462aefaa
2025-07-12 05:43:28,0,kube_pod_container_status_restarts_total,kindnet-cni,kube-state-metrics.nimbusguard.svc:8080,prometheus.scrape.kube_state_metrics,kube-system,kindnet-lr6vh,507faef6-9291-43ba-9c4f-252a462aefaa
2025-07-12 05:44:28,0,kube_pod_container_status_restarts_total,kindnet-cni,kube-state-metrics.nimbusguard.svc:8080,prometheus.scrape.kube_state_metrics,kube-system,kindnet-lr6vh,507faef6-9291-43ba-9c4f-252a462aefaa
2025-07-12 05:45:28,0,kube_pod_container_status_restarts_total,kindnet-cni,kube-state-metrics.nimbusguard.svc:8080,prometheus.scrape.kube_state_metrics,kube-system,kindnet-lr6vh,507faef6-9291-43ba-9c4f-252a462aefaa
2025-07-12 05:46:28,0,kube_pod_container_status_restarts_total,kindnet-cni,kube-state-metrics.nimbusguard.svc:8080,prometheus.scrape.kube_state_metrics,kube-system,kindnet-lr6vh,507faef6-9291-43ba-9c4f-252a462aefaa
2025-07-12 05:47:28,0,kube_pod_container_status_restarts_total,kindnet-cni,kube-state-metrics.nimbusguard.svc:8080,prometheus.scrape.kube_state_metrics,kube-system,kindnet-lr6vh,507faef6-9291-43ba-9c4f-252a462aefaa
2025-07-12 05:48:28,0,kube_pod_container_status_restarts_total,kindnet-cni,kube-state-metrics.nimbusguard.svc:8080,prometheus.scrape.kube_state_metrics,kube-system,kindnet-lr6vh,507faef6-9291-43ba-9c4f-252a462aefaa
2025-07-12 05:49:28,0,kube_pod_container_status_restarts_total,kindnet-cni,kube-state-metrics.nimbusguard.svc:8080,prometheus.scrape.kube_state_metrics,kube-system,kindnet-lr6vh,507faef6-9291-43ba-9c4f-252a462aefaa
2025-07-12 05:50:28,0,kube_pod_container_status_restarts_total,kindnet-cni,kube-state-metrics.nimbusguard.svc:8080,prometheus.scrape.kube_state_metrics,kube-system,kindnet-lr6vh,507faef6-9291-43ba-9c4f-252a462aefaa
2025-07-12 05:51:28,0,kube_pod_container_status_restarts_total,kindnet-cni,kube-state-metrics.nimbusguard.svc:8080,prometheus.scrape.kube_state_metrics,kube-system,kindnet-lr6vh,507faef6-9291-43ba-9c4f-252a462aefaa
2025-07-12 05:52:28,0,kube_pod_container_status_restarts_total,kindnet-cni,kube-state-metrics.nimbusguard.svc:8080,prometheus.scrape.kube_state_metrics,kube-system,kindnet-lr6vh,507faef6-9291-43ba-9c4f-252a462aefaa
2025-07-12 05:53:28,0,kube_pod_container_status_restarts_total,kindnet-cni,kube-state-metrics.nimbusguard.svc:8080,prometheus.scrape.kube_state_metrics,kube-system,kindnet-lr6vh,507faef6-9291-43ba-9c4f-252a462aefaa
2025-07-12 05:54:28,0,kube_pod_container_status_restarts_total,kindnet-cni,kube-state-metrics.nimbusguard.svc:8080,prometheus.scrape.kube_state_metrics,kube-system,kindnet-lr6vh,507faef6-9291-43ba-9c4f-252a462aefaa
2025-07-12 05:55:28,0,kube_pod_container_status_restarts_total,kindnet-cni,kube-state-metrics.nimbusguard.svc:8080,prometheus.scrape.kube_state_metrics,kube-system,kindnet-lr6vh,507faef6-9291-43ba-9c4f-252a462aefaa
2025-07-12 05:56:28,0,kube_pod_container_status_restarts_total,kindnet-cni,kube-state-metrics.nimbusguard.svc:8080,prometheus.scrape.kube_state_metrics,kube-system,kindnet-lr6vh,507faef6-9291-43ba-9c4f-252a462aefaa
2025-07-12 05:57:28,0,kube_pod_container_status_restarts_total,kindnet-cni,kube-state-metrics.nimbusguard.svc:8080,prometheus.scrape.kube_state_metrics,kube-system,kindnet-lr6vh,507faef6-9291-43ba-9c4f-252a462aefaa
2025-07-12 05:58:28,0,kube_pod_container_status_restarts_total,kindnet-cni,kube-state-metrics.nimbusguard.svc:8080,prometheus.scrape.kube_state_metrics,kube-system,kindnet-lr6vh,507faef6-9291-43ba-9c4f-252a462aefaa
2025-07-12 05:59:28,0,kube_pod_container_status_restarts_total,kindnet-cni,kube-state-metrics.nimbusguard.svc:8080,prometheus.scrape.kube_state_metrics,kube-system,kindnet-lr6vh,507faef6-9291-43ba-9c4f-252a462aefaa
2025-07-12 06:00:28,0,kube_pod_container_status_restarts_total,kindnet-cni,kube-state-metrics.nimbusguard.svc:8080,prometheus.scrape.kube_state_metrics,kube-system,kindnet-lr6vh,507faef6-9291-43ba-9c4f-252a462aefaa
2025-07-12 06:01:28,0,kube_pod_container_status_restarts_total,kindnet-cni,kube-state-metrics.nimbusguard.svc:8080,prometheus.scrape.kube_state_metrics,kube-system,kindnet-lr6vh,507faef6-9291-43ba-9c4f-252a462aefaa
2025-07-12 06:02:28,0,kube_pod_container_status_restarts_total,kindnet-cni,kube-state-metrics.nimbusguard.svc:8080,prometheus.scrape.kube_state_metrics,kube-system,kindnet-lr6vh,507faef6-9291-43ba-9c4f-252a462aefaa
2025-07-12 06:03:28,0,kube_pod_container_status_restarts_total,kindnet-cni,kube-state-metrics.nimbusguard.svc:8080,prometheus.scrape.kube_state_metrics,kube-system,kindnet-lr6vh,507faef6-9291-43ba-9c4f-252a462aefaa
2025-07-12 06:04:28,0,kube_pod_container_status_restarts_total,kindnet-cni,kube-state-metrics.nimbusguard.svc:8080,prometheus.scrape.kube_state_metrics,kube-system,kindnet-lr6vh,507faef6-9291-43ba-9c4f-252a462aefaa
2025-07-12 06:05:28,0,kube_pod_container_status_restarts_total,kindnet-cni,kube-state-metrics.nimbusguard.svc:8080,prometheus.scrape.kube_state_metrics,kube-system,kindnet-lr6vh,507faef6-9291-43ba-9c4f-252a462aefaa
2025-07-12 06:06:28,0,kube_pod_container_status_restarts_total,kindnet-cni,kube-state-metrics.nimbusguard.svc:8080,prometheus.scrape.kube_state_metrics,kube-system,kindnet-lr6vh,507faef6-9291-43ba-9c4f-252a462aefaa
2025-07-12 06:07:28,0,kube_pod_container_status_restarts_total,kindnet-cni,kube-state-metrics.nimbusguard.svc:8080,prometheus.scrape.kube_state_metrics,kube-system,kindnet-lr6vh,507faef6-9291-43ba-9c4f-252a462aefaa
2025-07-12 06:08:28,0,kube_pod_container_status_restarts_total,kindnet-cni,kube-state-metrics.nimbusguard.svc:8080,prometheus.scrape.kube_state_metrics,kube-system,kindnet-lr6vh,507faef6-9291-43ba-9c4f-252a462aefaa
2025-07-12 06:09:28,0,kube_pod_container_status_restarts_total,kindnet-cni,kube-state-metrics.nimbusguard.svc:8080,prometheus.scrape.kube_state_metrics,kube-system,kindnet-lr6vh,507faef6-9291-43ba-9c4f-252a462aefaa
2025-07-12 06:10:28,0,kube_pod_container_status_restarts_total,kindnet-cni,kube-state-metrics.nimbusguard.svc:8080,prometheus.scrape.kube_state_metrics,kube-system,kindnet-lr6vh,507faef6-9291-43ba-9c4f-252a462aefaa
2025-07-12 06:11:28,0,kube_pod_container_status_restarts_total,kindnet-cni,kube-state-metrics.nimbusguard.svc:8080,prometheus.scrape.kube_state_metrics,kube-system,kindnet-lr6vh,507faef6-9291-43ba-9c4f-252a462aefaa
2025-07-12 06:12:28,0,kube_pod_container_status_restarts_total,kindnet-cni,kube-state-metrics.nimbusguard.svc:8080,prometheus.scrape.kube_state_metrics,kube-system,kindnet-lr6vh,507faef6-9291-43ba-9c4f-252a462aefaa
2025-07-12 06:13:28,0,kube_pod_container_status_restarts_total,kindnet-cni,kube-state-metrics.nimbusguard.svc:8080,prometheus.scrape.kube_state_metrics,kube-system,kindnet-lr6vh,507faef6-9291-43ba-9c4f-252a462aefaa
2025-07-12 05:29:28,1,kube_pod_container_status_restarts_total,kube-apiserver,10.244.1.4:8080,prometheus.scrape.annotated_pods,kube-system,kube-apiserver-desktop-control-plane,e927b221-526b-40ae-aaa1-002a8158b566
2025-07-12 05:30:28,1,kube_pod_container_status_restarts_total,kube-apiserver,10.244.1.4:8080,prometheus.scrape.annotated_pods,kube-system,kube-apiserver-desktop-control-plane,e927b221-526b-40ae-aaa1-002a8158b566
2025-07-12 05:31:28,1,kube_pod_container_status_restarts_total,kube-apiserver,10.244.1.4:8080,prometheus.scrape.annotated_pods,kube-system,kube-apiserver-desktop-control-plane,e927b221-526b-40ae-aaa1-002a8158b566
2025-07-12 05:32:28,1,kube_pod_container_status_restarts_total,kube-apiserver,10.244.1.4:8080,prometheus.scrape.annotated_pods,kube-system,kube-apiserver-desktop-control-plane,e927b221-526b-40ae-aaa1-002a8158b566
2025-07-12 05:33:28,1,kube_pod_container_status_restarts_total,kube-apiserver,10.244.1.4:8080,prometheus.scrape.annotated_pods,kube-system,kube-apiserver-desktop-control-plane,e927b221-526b-40ae-aaa1-002a8158b566
2025-07-12 05:34:28,1,kube_pod_container_status_restarts_total,kube-apiserver,10.244.1.4:8080,prometheus.scrape.annotated_pods,kube-system,kube-apiserver-desktop-control-plane,e927b221-526b-40ae-aaa1-002a8158b566
2025-07-12 05:35:28,1,kube_pod_container_status_restarts_total,kube-apiserver,10.244.1.4:8080,prometheus.scrape.annotated_pods,kube-system,kube-apiserver-desktop-control-plane,e927b221-526b-40ae-aaa1-002a8158b566
2025-07-12 05:36:28,1,kube_pod_container_status_restarts_total,kube-apiserver,10.244.1.4:8080,prometheus.scrape.annotated_pods,kube-system,kube-apiserver-desktop-control-plane,e927b221-526b-40ae-aaa1-002a8158b566
2025-07-12 05:37:28,1,kube_pod_container_status_restarts_total,kube-apiserver,10.244.1.4:8080,prometheus.scrape.annotated_pods,kube-system,kube-apiserver-desktop-control-plane,e927b221-526b-40ae-aaa1-002a8158b566
2025-07-12 05:38:28,1,kube_pod_container_status_restarts_total,kube-apiserver,10.244.1.4:8080,prometheus.scrape.annotated_pods,kube-system,kube-apiserver-desktop-control-plane,e927b221-526b-40ae-aaa1-002a8158b566
2025-07-12 05:39:28,1,kube_pod_container_status_restarts_total,kube-apiserver,10.244.1.4:8080,prometheus.scrape.annotated_pods,kube-system,kube-apiserver-desktop-control-plane,e927b221-526b-40ae-aaa1-002a8158b566
2025-07-12 05:40:28,1,kube_pod_container_status_restarts_total,kube-apiserver,10.244.1.4:8080,prometheus.scrape.annotated_pods,kube-system,kube-apiserver-desktop-control-plane,e927b221-526b-40ae-aaa1-002a8158b566
2025-07-12 05:41:28,1,kube_pod_container_status_restarts_total,kube-apiserver,10.244.1.4:8080,prometheus.scrape.annotated_pods,kube-system,kube-apiserver-desktop-control-plane,e927b221-526b-40ae-aaa1-002a8158b566
2025-07-12 05:42:28,1,kube_pod_container_status_restarts_total,kube-apiserver,10.244.1.4:8080,prometheus.scrape.annotated_pods,kube-system,kube-apiserver-desktop-control-plane,e927b221-526b-40ae-aaa1-002a8158b566
2025-07-12 05:43:28,1,kube_pod_container_status_restarts_total,kube-apiserver,10.244.1.4:8080,prometheus.scrape.annotated_pods,kube-system,kube-apiserver-desktop-control-plane,e927b221-526b-40ae-aaa1-002a8158b566
2025-07-12 05:44:28,1,kube_pod_container_status_restarts_total,kube-apiserver,10.244.1.4:8080,prometheus.scrape.annotated_pods,kube-system,kube-apiserver-desktop-control-plane,e927b221-526b-40ae-aaa1-002a8158b566
2025-07-12 05:45:28,1,kube_pod_container_status_restarts_total,kube-apiserver,10.244.1.4:8080,prometheus.scrape.annotated_pods,kube-system,kube-apiserver-desktop-control-plane,e927b221-526b-40ae-aaa1-002a8158b566
2025-07-12 05:46:28,1,kube_pod_container_status_restarts_total,kube-apiserver,10.244.1.4:8080,prometheus.scrape.annotated_pods,kube-system,kube-apiserver-desktop-control-plane,e927b221-526b-40ae-aaa1-002a8158b566
2025-07-12 05:47:28,1,kube_pod_container_status_restarts_total,kube-apiserver,10.244.1.4:8080,prometheus.scrape.annotated_pods,kube-system,kube-apiserver-desktop-control-plane,e927b221-526b-40ae-aaa1-002a8158b566
2025-07-12 05:48:28,1,kube_pod_container_status_restarts_total,kube-apiserver,10.244.1.4:8080,prometheus.scrape.annotated_pods,kube-system,kube-apiserver-desktop-control-plane,e927b221-526b-40ae-aaa1-002a8158b566
2025-07-12 05:49:28,1,kube_pod_container_status_restarts_total,kube-apiserver,10.244.1.4:8080,prometheus.scrape.annotated_pods,kube-system,kube-apiserver-desktop-control-plane,e927b221-526b-40ae-aaa1-002a8158b566
2025-07-12 05:50:28,1,kube_pod_container_status_restarts_total,kube-apiserver,10.244.1.4:8080,prometheus.scrape.annotated_pods,kube-system,kube-apiserver-desktop-control-plane,e927b221-526b-40ae-aaa1-002a8158b566
2025-07-12 05:51:28,1,kube_pod_container_status_restarts_total,kube-apiserver,10.244.1.4:8080,prometheus.scrape.annotated_pods,kube-system,kube-apiserver-desktop-control-plane,e927b221-526b-40ae-aaa1-002a8158b566
2025-07-12 05:52:28,1,kube_pod_container_status_restarts_total,kube-apiserver,10.244.1.4:8080,prometheus.scrape.annotated_pods,kube-system,kube-apiserver-desktop-control-plane,e927b221-526b-40ae-aaa1-002a8158b566
2025-07-12 05:53:28,1,kube_pod_container_status_restarts_total,kube-apiserver,10.244.1.4:8080,prometheus.scrape.annotated_pods,kube-system,kube-apiserver-desktop-control-plane,e927b221-526b-40ae-aaa1-002a8158b566
2025-07-12 05:54:28,1,kube_pod_container_status_restarts_total,kube-apiserver,10.244.1.4:8080,prometheus.scrape.annotated_pods,kube-system,kube-apiserver-desktop-control-plane,e927b221-526b-40ae-aaa1-002a8158b566
2025-07-12 05:55:28,1,kube_pod_container_status_restarts_total,kube-apiserver,10.244.1.4:8080,prometheus.scrape.annotated_pods,kube-system,kube-apiserver-desktop-control-plane,e927b221-526b-40ae-aaa1-002a8158b566
2025-07-12 05:56:28,1,kube_pod_container_status_restarts_total,kube-apiserver,10.244.1.4:8080,prometheus.scrape.annotated_pods,kube-system,kube-apiserver-desktop-control-plane,e927b221-526b-40ae-aaa1-002a8158b566
2025-07-12 05:57:28,1,kube_pod_container_status_restarts_total,kube-apiserver,10.244.1.4:8080,prometheus.scrape.annotated_pods,kube-system,kube-apiserver-desktop-control-plane,e927b221-526b-40ae-aaa1-002a8158b566
2025-07-12 05:58:28,1,kube_pod_container_status_restarts_total,kube-apiserver,10.244.1.4:8080,prometheus.scrape.annotated_pods,kube-system,kube-apiserver-desktop-control-plane,e927b221-526b-40ae-aaa1-002a8158b566
2025-07-12 05:59:28,1,kube_pod_container_status_restarts_total,kube-apiserver,10.244.1.4:8080,prometheus.scrape.annotated_pods,kube-system,kube-apiserver-desktop-control-plane,e927b221-526b-40ae-aaa1-002a8158b566
2025-07-12 06:00:28,1,kube_pod_container_status_restarts_total,kube-apiserver,10.244.1.4:8080,prometheus.scrape.annotated_pods,kube-system,kube-apiserver-desktop-control-plane,e927b221-526b-40ae-aaa1-002a8158b566
2025-07-12 06:01:28,1,kube_pod_container_status_restarts_total,kube-apiserver,10.244.1.4:8080,prometheus.scrape.annotated_pods,kube-system,kube-apiserver-desktop-control-plane,e927b221-526b-40ae-aaa1-002a8158b566
2025-07-12 06:02:28,1,kube_pod_container_status_restarts_total,kube-apiserver,10.244.1.4:8080,prometheus.scrape.annotated_pods,kube-system,kube-apiserver-desktop-control-plane,e927b221-526b-40ae-aaa1-002a8158b566
2025-07-12 06:03:28,1,kube_pod_container_status_restarts_total,kube-apiserver,10.244.1.4:8080,prometheus.scrape.annotated_pods,kube-system,kube-apiserver-desktop-control-plane,e927b221-526b-40ae-aaa1-002a8158b566
2025-07-12 06:04:28,1,kube_pod_container_status_restarts_total,kube-apiserver,10.244.1.4:8080,prometheus.scrape.annotated_pods,kube-system,kube-apiserver-desktop-control-plane,e927b221-526b-40ae-aaa1-002a8158b566
2025-07-12 06:05:28,1,kube_pod_container_status_restarts_total,kube-apiserver,10.244.1.4:8080,prometheus.scrape.annotated_pods,kube-system,kube-apiserver-desktop-control-plane,e927b221-526b-40ae-aaa1-002a8158b566
2025-07-12 06:06:28,1,kube_pod_container_status_restarts_total,kube-apiserver,10.244.1.4:8080,prometheus.scrape.annotated_pods,kube-system,kube-apiserver-desktop-control-plane,e927b221-526b-40ae-aaa1-002a8158b566
2025-07-12 06:07:28,1,kube_pod_container_status_restarts_total,kube-apiserver,10.244.1.4:8080,prometheus.scrape.annotated_pods,kube-system,kube-apiserver-desktop-control-plane,e927b221-526b-40ae-aaa1-002a8158b566
2025-07-12 06:08:28,1,kube_pod_container_status_restarts_total,kube-apiserver,10.244.1.4:8080,prometheus.scrape.annotated_pods,kube-system,kube-apiserver-desktop-control-plane,e927b221-526b-40ae-aaa1-002a8158b566
2025-07-12 06:09:28,1,kube_pod_container_status_restarts_total,kube-apiserver,10.244.1.4:8080,prometheus.scrape.annotated_pods,kube-system,kube-apiserver-desktop-control-plane,e927b221-526b-40ae-aaa1-002a8158b566
2025-07-12 06:10:28,1,kube_pod_container_status_restarts_total,kube-apiserver,10.244.1.4:8080,prometheus.scrape.annotated_pods,kube-system,kube-apiserver-desktop-control-plane,e927b221-526b-40ae-aaa1-002a8158b566
2025-07-12 06:11:28,1,kube_pod_container_status_restarts_total,kube-apiserver,10.244.1.4:8080,prometheus.scrape.annotated_pods,kube-system,kube-apiserver-desktop-control-plane,e927b221-526b-40ae-aaa1-002a8158b566
2025-07-12 06:12:28,1,kube_pod_container_status_restarts_total,kube-apiserver,10.244.1.4:8080,prometheus.scrape.annotated_pods,kube-system,kube-apiserver-desktop-control-plane,e927b221-526b-40ae-aaa1-002a8158b566
2025-07-12 06:13:28,1,kube_pod_container_status_restarts_total,kube-apiserver,10.244.1.4:8080,prometheus.scrape.annotated_pods,kube-system,kube-apiserver-desktop-control-plane,e927b221-526b-40ae-aaa1-002a8158b566
2025-07-12 05:30:28,1,kube_pod_container_status_restarts_total,kube-apiserver,kube-state-metrics.nimbusguard.svc:8080,prometheus.scrape.kube_state_metrics,kube-system,kube-apiserver-desktop-control-plane,e927b221-526b-40ae-aaa1-002a8158b566
2025-07-12 05:31:28,1,kube_pod_container_status_restarts_total,kube-apiserver,kube-state-metrics.nimbusguard.svc:8080,prometheus.scrape.kube_state_metrics,kube-system,kube-apiserver-desktop-control-plane,e927b221-526b-40ae-aaa1-002a8158b566
2025-07-12 05:32:28,1,kube_pod_container_status_restarts_total,kube-apiserver,kube-state-metrics.nimbusguard.svc:8080,prometheus.scrape.kube_state_metrics,kube-system,kube-apiserver-desktop-control-plane,e927b221-526b-40ae-aaa1-002a8158b566
2025-07-12 05:33:28,1,kube_pod_container_status_restarts_total,kube-apiserver,kube-state-metrics.nimbusguard.svc:8080,prometheus.scrape.kube_state_metrics,kube-system,kube-apiserver-desktop-control-plane,e927b221-526b-40ae-aaa1-002a8158b566
2025-07-12 05:34:28,1,kube_pod_container_status_restarts_total,kube-apiserver,kube-state-metrics.nimbusguard.svc:8080,prometheus.scrape.kube_state_metrics,kube-system,kube-apiserver-desktop-control-plane,e927b221-526b-40ae-aaa1-002a8158b566
2025-07-12 05:35:28,1,kube_pod_container_status_restarts_total,kube-apiserver,kube-state-metrics.nimbusguard.svc:8080,prometheus.scrape.kube_state_metrics,kube-system,kube-apiserver-desktop-control-plane,e927b221-526b-40ae-aaa1-002a8158b566
2025-07-12 05:36:28,1,kube_pod_container_status_restarts_total,kube-apiserver,kube-state-metrics.nimbusguard.svc:8080,prometheus.scrape.kube_state_metrics,kube-system,kube-apiserver-desktop-control-plane,e927b221-526b-40ae-aaa1-002a8158b566
2025-07-12 05:37:28,1,kube_pod_container_status_restarts_total,kube-apiserver,kube-state-metrics.nimbusguard.svc:8080,prometheus.scrape.kube_state_metrics,kube-system,kube-apiserver-desktop-control-plane,e927b221-526b-40ae-aaa1-002a8158b566
2025-07-12 05:38:28,1,kube_pod_container_status_restarts_total,kube-apiserver,kube-state-metrics.nimbusguard.svc:8080,prometheus.scrape.kube_state_metrics,kube-system,kube-apiserver-desktop-control-plane,e927b221-526b-40ae-aaa1-002a8158b566
2025-07-12 05:39:28,1,kube_pod_container_status_restarts_total,kube-apiserver,kube-state-metrics.nimbusguard.svc:8080,prometheus.scrape.kube_state_metrics,kube-system,kube-apiserver-desktop-control-plane,e927b221-526b-40ae-aaa1-002a8158b566
2025-07-12 05:40:28,1,kube_pod_container_status_restarts_total,kube-apiserver,kube-state-metrics.nimbusguard.svc:8080,prometheus.scrape.kube_state_metrics,kube-system,kube-apiserver-desktop-control-plane,e927b221-526b-40ae-aaa1-002a8158b566
2025-07-12 05:41:28,1,kube_pod_container_status_restarts_total,kube-apiserver,kube-state-metrics.nimbusguard.svc:8080,prometheus.scrape.kube_state_metrics,kube-system,kube-apiserver-desktop-control-plane,e927b221-526b-40ae-aaa1-002a8158b566
2025-07-12 05:42:28,1,kube_pod_container_status_restarts_total,kube-apiserver,kube-state-metrics.nimbusguard.svc:8080,prometheus.scrape.kube_state_metrics,kube-system,kube-apiserver-desktop-control-plane,e927b221-526b-40ae-aaa1-002a8158b566
2025-07-12 05:43:28,1,kube_pod_container_status_restarts_total,kube-apiserver,kube-state-metrics.nimbusguard.svc:8080,prometheus.scrape.kube_state_metrics,kube-system,kube-apiserver-desktop-control-plane,e927b221-526b-40ae-aaa1-002a8158b566
2025-07-12 05:44:28,1,kube_pod_container_status_restarts_total,kube-apiserver,kube-state-metrics.nimbusguard.svc:8080,prometheus.scrape.kube_state_metrics,kube-system,kube-apiserver-desktop-control-plane,e927b221-526b-40ae-aaa1-002a8158b566
2025-07-12 05:45:28,1,kube_pod_container_status_restarts_total,kube-apiserver,kube-state-metrics.nimbusguard.svc:8080,prometheus.scrape.kube_state_metrics,kube-system,kube-apiserver-desktop-control-plane,e927b221-526b-40ae-aaa1-002a8158b566
2025-07-12 05:46:28,1,kube_pod_container_status_restarts_total,kube-apiserver,kube-state-metrics.nimbusguard.svc:8080,prometheus.scrape.kube_state_metrics,kube-system,kube-apiserver-desktop-control-plane,e927b221-526b-40ae-aaa1-002a8158b566
2025-07-12 05:47:28,1,kube_pod_container_status_restarts_total,kube-apiserver,kube-state-metrics.nimbusguard.svc:8080,prometheus.scrape.kube_state_metrics,kube-system,kube-apiserver-desktop-control-plane,e927b221-526b-40ae-aaa1-002a8158b566
2025-07-12 05:48:28,1,kube_pod_container_status_restarts_total,kube-apiserver,kube-state-metrics.nimbusguard.svc:8080,prometheus.scrape.kube_state_metrics,kube-system,kube-apiserver-desktop-control-plane,e927b221-526b-40ae-aaa1-002a8158b566
2025-07-12 05:49:28,1,kube_pod_container_status_restarts_total,kube-apiserver,kube-state-metrics.nimbusguard.svc:8080,prometheus.scrape.kube_state_metrics,kube-system,kube-apiserver-desktop-control-plane,e927b221-526b-40ae-aaa1-002a8158b566
2025-07-12 05:50:28,1,kube_pod_container_status_restarts_total,kube-apiserver,kube-state-metrics.nimbusguard.svc:8080,prometheus.scrape.kube_state_metrics,kube-system,kube-apiserver-desktop-control-plane,e927b221-526b-40ae-aaa1-002a8158b566
2025-07-12 05:51:28,1,kube_pod_container_status_restarts_total,kube-apiserver,kube-state-metrics.nimbusguard.svc:8080,prometheus.scrape.kube_state_metrics,kube-system,kube-apiserver-desktop-control-plane,e927b221-526b-40ae-aaa1-002a8158b566
2025-07-12 05:52:28,1,kube_pod_container_status_restarts_total,kube-apiserver,kube-state-metrics.nimbusguard.svc:8080,prometheus.scrape.kube_state_metrics,kube-system,kube-apiserver-desktop-control-plane,e927b221-526b-40ae-aaa1-002a8158b566
2025-07-12 05:53:28,1,kube_pod_container_status_restarts_total,kube-apiserver,kube-state-metrics.nimbusguard.svc:8080,prometheus.scrape.kube_state_metrics,kube-system,kube-apiserver-desktop-control-plane,e927b221-526b-40ae-aaa1-002a8158b566
2025-07-12 05:54:28,1,kube_pod_container_status_restarts_total,kube-apiserver,kube-state-metrics.nimbusguard.svc:8080,prometheus.scrape.kube_state_metrics,kube-system,kube-apiserver-desktop-control-plane,e927b221-526b-40ae-aaa1-002a8158b566
2025-07-12 05:55:28,1,kube_pod_container_status_restarts_total,kube-apiserver,kube-state-metrics.nimbusguard.svc:8080,prometheus.scrape.kube_state_metrics,kube-system,kube-apiserver-desktop-control-plane,e927b221-526b-40ae-aaa1-002a8158b566
2025-07-12 05:56:28,1,kube_pod_container_status_restarts_total,kube-apiserver,kube-state-metrics.nimbusguard.svc:8080,prometheus.scrape.kube_state_metrics,kube-system,kube-apiserver-desktop-control-plane,e927b221-526b-40ae-aaa1-002a8158b566
2025-07-12 05:57:28,1,kube_pod_container_status_restarts_total,kube-apiserver,kube-state-metrics.nimbusguard.svc:8080,prometheus.scrape.kube_state_metrics,kube-system,kube-apiserver-desktop-control-plane,e927b221-526b-40ae-aaa1-002a8158b566
2025-07-12 05:58:28,1,kube_pod_container_status_restarts_total,kube-apiserver,kube-state-metrics.nimbusguard.svc:8080,prometheus.scrape.kube_state_metrics,kube-system,kube-apiserver-desktop-control-plane,e927b221-526b-40ae-aaa1-002a8158b566
2025-07-12 05:59:28,1,kube_pod_container_status_restarts_total,kube-apiserver,kube-state-metrics.nimbusguard.svc:8080,prometheus.scrape.kube_state_metrics,kube-system,kube-apiserver-desktop-control-plane,e927b221-526b-40ae-aaa1-002a8158b566
2025-07-12 06:00:28,1,kube_pod_container_status_restarts_total,kube-apiserver,kube-state-metrics.nimbusguard.svc:8080,prometheus.scrape.kube_state_metrics,kube-system,kube-apiserver-desktop-control-plane,e927b221-526b-40ae-aaa1-002a8158b566
2025-07-12 06:01:28,1,kube_pod_container_status_restarts_total,kube-apiserver,kube-state-metrics.nimbusguard.svc:8080,prometheus.scrape.kube_state_metrics,kube-system,kube-apiserver-desktop-control-plane,e927b221-526b-40ae-aaa1-002a8158b566
2025-07-12 06:02:28,1,kube_pod_container_status_restarts_total,kube-apiserver,kube-state-metrics.nimbusguard.svc:8080,prometheus.scrape.kube_state_metrics,kube-system,kube-apiserver-desktop-control-plane,e927b221-526b-40ae-aaa1-002a8158b566
2025-07-12 06:03:28,1,kube_pod_container_status_restarts_total,kube-apiserver,kube-state-metrics.nimbusguard.svc:8080,prometheus.scrape.kube_state_metrics,kube-system,kube-apiserver-desktop-control-plane,e927b221-526b-40ae-aaa1-002a8158b566
2025-07-12 06:04:28,1,kube_pod_container_status_restarts_total,kube-apiserver,kube-state-metrics.nimbusguard.svc:8080,prometheus.scrape.kube_state_metrics,kube-system,kube-apiserver-desktop-control-plane,e927b221-526b-40ae-aaa1-002a8158b566
2025-07-12 06:05:28,1,kube_pod_container_status_restarts_total,kube-apiserver,kube-state-metrics.nimbusguard.svc:8080,prometheus.scrape.kube_state_metrics,kube-system,kube-apiserver-desktop-control-plane,e927b221-526b-40ae-aaa1-002a8158b566
2025-07-12 06:06:28,1,kube_pod_container_status_restarts_total,kube-apiserver,kube-state-metrics.nimbusguard.svc:8080,prometheus.scrape.kube_state_metrics,kube-system,kube-apiserver-desktop-control-plane,e927b221-526b-40ae-aaa1-002a8158b566
2025-07-12 06:07:28,1,kube_pod_container_status_restarts_total,kube-apiserver,kube-state-metrics.nimbusguard.svc:8080,prometheus.scrape.kube_state_metrics,kube-system,kube-apiserver-desktop-control-plane,e927b221-526b-40ae-aaa1-002a8158b566
2025-07-12 06:08:28,1,kube_pod_container_status_restarts_total,kube-apiserver,kube-state-metrics.nimbusguard.svc:8080,prometheus.scrape.kube_state_metrics,kube-system,kube-apiserver-desktop-control-plane,e927b221-526b-40ae-aaa1-002a8158b566
2025-07-12 06:09:28,1,kube_pod_container_status_restarts_total,kube-apiserver,kube-state-metrics.nimbusguard.svc:8080,prometheus.scrape.kube_state_metrics,kube-system,kube-apiserver-desktop-control-plane,e927b221-526b-40ae-aaa1-002a8158b566
2025-07-12 06:10:28,1,kube_pod_container_status_restarts_total,kube-apiserver,kube-state-metrics.nimbusguard.svc:8080,prometheus.scrape.kube_state_metrics,kube-system,kube-apiserver-desktop-control-plane,e927b221-526b-40ae-aaa1-002a8158b566
2025-07-12 06:11:28,1,kube_pod_container_status_restarts_total,kube-apiserver,kube-state-metrics.nimbusguard.svc:8080,prometheus.scrape.kube_state_metrics,kube-system,kube-apiserver-desktop-control-plane,e927b221-526b-40ae-aaa1-002a8158b566
2025-07-12 06:12:28,1,kube_pod_container_status_restarts_total,kube-apiserver,kube-state-metrics.nimbusguard.svc:8080,prometheus.scrape.kube_state_metrics,kube-system,kube-apiserver-desktop-control-plane,e927b221-526b-40ae-aaa1-002a8158b566
2025-07-12 06:13:28,1,kube_pod_container_status_restarts_total,kube-apiserver,kube-state-metrics.nimbusguard.svc:8080,prometheus.scrape.kube_state_metrics,kube-system,kube-apiserver-desktop-control-plane,e927b221-526b-40ae-aaa1-002a8158b566
2025-07-12 05:29:28,1,kube_pod_container_status_restarts_total,kube-controller-manager,10.244.1.4:8080,prometheus.scrape.annotated_pods,kube-system,kube-controller-manager-desktop-control-plane,523c4ae2-e9b9-423c-a805-02ab5768def4
2025-07-12 05:30:28,1,kube_pod_container_status_restarts_total,kube-controller-manager,10.244.1.4:8080,prometheus.scrape.annotated_pods,kube-system,kube-controller-manager-desktop-control-plane,523c4ae2-e9b9-423c-a805-02ab5768def4
2025-07-12 05:31:28,1,kube_pod_container_status_restarts_total,kube-controller-manager,10.244.1.4:8080,prometheus.scrape.annotated_pods,kube-system,kube-controller-manager-desktop-control-plane,523c4ae2-e9b9-423c-a805-02ab5768def4
2025-07-12 05:32:28,1,kube_pod_container_status_restarts_total,kube-controller-manager,10.244.1.4:8080,prometheus.scrape.annotated_pods,kube-system,kube-controller-manager-desktop-control-plane,523c4ae2-e9b9-423c-a805-02ab5768def4
2025-07-12 05:33:28,1,kube_pod_container_status_restarts_total,kube-controller-manager,10.244.1.4:8080,prometheus.scrape.annotated_pods,kube-system,kube-controller-manager-desktop-control-plane,523c4ae2-e9b9-423c-a805-02ab5768def4
2025-07-12 05:34:28,1,kube_pod_container_status_restarts_total,kube-controller-manager,10.244.1.4:8080,prometheus.scrape.annotated_pods,kube-system,kube-controller-manager-desktop-control-plane,523c4ae2-e9b9-423c-a805-02ab5768def4
2025-07-12 05:35:28,1,kube_pod_container_status_restarts_total,kube-controller-manager,10.244.1.4:8080,prometheus.scrape.annotated_pods,kube-system,kube-controller-manager-desktop-control-plane,523c4ae2-e9b9-423c-a805-02ab5768def4
2025-07-12 05:36:28,1,kube_pod_container_status_restarts_total,kube-controller-manager,10.244.1.4:8080,prometheus.scrape.annotated_pods,kube-system,kube-controller-manager-desktop-control-plane,523c4ae2-e9b9-423c-a805-02ab5768def4
2025-07-12 05:37:28,1,kube_pod_container_status_restarts_total,kube-controller-manager,10.244.1.4:8080,prometheus.scrape.annotated_pods,kube-system,kube-controller-manager-desktop-control-plane,523c4ae2-e9b9-423c-a805-02ab5768def4
2025-07-12 05:38:28,1,kube_pod_container_status_restarts_total,kube-controller-manager,10.244.1.4:8080,prometheus.scrape.annotated_pods,kube-system,kube-controller-manager-desktop-control-plane,523c4ae2-e9b9-423c-a805-02ab5768def4
2025-07-12 05:39:28,1,kube_pod_container_status_restarts_total,kube-controller-manager,10.244.1.4:8080,prometheus.scrape.annotated_pods,kube-system,kube-controller-manager-desktop-control-plane,523c4ae2-e9b9-423c-a805-02ab5768def4
2025-07-12 05:40:28,1,kube_pod_container_status_restarts_total,kube-controller-manager,10.244.1.4:8080,prometheus.scrape.annotated_pods,kube-system,kube-controller-manager-desktop-control-plane,523c4ae2-e9b9-423c-a805-02ab5768def4
2025-07-12 05:41:28,1,kube_pod_container_status_restarts_total,kube-controller-manager,10.244.1.4:8080,prometheus.scrape.annotated_pods,kube-system,kube-controller-manager-desktop-control-plane,523c4ae2-e9b9-423c-a805-02ab5768def4
2025-07-12 05:42:28,1,kube_pod_container_status_restarts_total,kube-controller-manager,10.244.1.4:8080,prometheus.scrape.annotated_pods,kube-system,kube-controller-manager-desktop-control-plane,523c4ae2-e9b9-423c-a805-02ab5768def4
2025-07-12 05:43:28,1,kube_pod_container_status_restarts_total,kube-controller-manager,10.244.1.4:8080,prometheus.scrape.annotated_pods,kube-system,kube-controller-manager-desktop-control-plane,523c4ae2-e9b9-423c-a805-02ab5768def4
2025-07-12 05:44:28,1,kube_pod_container_status_restarts_total,kube-controller-manager,10.244.1.4:8080,prometheus.scrape.annotated_pods,kube-system,kube-controller-manager-desktop-control-plane,523c4ae2-e9b9-423c-a805-02ab5768def4
2025-07-12 05:45:28,1,kube_pod_container_status_restarts_total,kube-controller-manager,10.244.1.4:8080,prometheus.scrape.annotated_pods,kube-system,kube-controller-manager-desktop-control-plane,523c4ae2-e9b9-423c-a805-02ab5768def4
2025-07-12 05:46:28,1,kube_pod_container_status_restarts_total,kube-controller-manager,10.244.1.4:8080,prometheus.scrape.annotated_pods,kube-system,kube-controller-manager-desktop-control-plane,523c4ae2-e9b9-423c-a805-02ab5768def4
2025-07-12 05:47:28,1,kube_pod_container_status_restarts_total,kube-controller-manager,10.244.1.4:8080,prometheus.scrape.annotated_pods,kube-system,kube-controller-manager-desktop-control-plane,523c4ae2-e9b9-423c-a805-02ab5768def4
2025-07-12 05:48:28,1,kube_pod_container_status_restarts_total,kube-controller-manager,10.244.1.4:8080,prometheus.scrape.annotated_pods,kube-system,kube-controller-manager-desktop-control-plane,523c4ae2-e9b9-423c-a805-02ab5768def4
2025-07-12 05:49:28,1,kube_pod_container_status_restarts_total,kube-controller-manager,10.244.1.4:8080,prometheus.scrape.annotated_pods,kube-system,kube-controller-manager-desktop-control-plane,523c4ae2-e9b9-423c-a805-02ab5768def4
2025-07-12 05:50:28,1,kube_pod_container_status_restarts_total,kube-controller-manager,10.244.1.4:8080,prometheus.scrape.annotated_pods,kube-system,kube-controller-manager-desktop-control-plane,523c4ae2-e9b9-423c-a805-02ab5768def4
2025-07-12 05:51:28,1,kube_pod_container_status_restarts_total,kube-controller-manager,10.244.1.4:8080,prometheus.scrape.annotated_pods,kube-system,kube-controller-manager-desktop-control-plane,523c4ae2-e9b9-423c-a805-02ab5768def4
2025-07-12 05:52:28,1,kube_pod_container_status_restarts_total,kube-controller-manager,10.244.1.4:8080,prometheus.scrape.annotated_pods,kube-system,kube-controller-manager-desktop-control-plane,523c4ae2-e9b9-423c-a805-02ab5768def4
2025-07-12 05:53:28,1,kube_pod_container_status_restarts_total,kube-controller-manager,10.244.1.4:8080,prometheus.scrape.annotated_pods,kube-system,kube-controller-manager-desktop-control-plane,523c4ae2-e9b9-423c-a805-02ab5768def4
2025-07-12 05:54:28,1,kube_pod_container_status_restarts_total,kube-controller-manager,10.244.1.4:8080,prometheus.scrape.annotated_pods,kube-system,kube-controller-manager-desktop-control-plane,523c4ae2-e9b9-423c-a805-02ab5768def4
2025-07-12 05:55:28,1,kube_pod_container_status_restarts_total,kube-controller-manager,10.244.1.4:8080,prometheus.scrape.annotated_pods,kube-system,kube-controller-manager-desktop-control-plane,523c4ae2-e9b9-423c-a805-02ab5768def4
2025-07-12 05:56:28,1,kube_pod_container_status_restarts_total,kube-controller-manager,10.244.1.4:8080,prometheus.scrape.annotated_pods,kube-system,kube-controller-manager-desktop-control-plane,523c4ae2-e9b9-423c-a805-02ab5768def4
2025-07-12 05:57:28,1,kube_pod_container_status_restarts_total,kube-controller-manager,10.244.1.4:8080,prometheus.scrape.annotated_pods,kube-system,kube-controller-manager-desktop-control-plane,523c4ae2-e9b9-423c-a805-02ab5768def4
2025-07-12 05:58:28,1,kube_pod_container_status_restarts_total,kube-controller-manager,10.244.1.4:8080,prometheus.scrape.annotated_pods,kube-system,kube-controller-manager-desktop-control-plane,523c4ae2-e9b9-423c-a805-02ab5768def4
2025-07-12 05:59:28,1,kube_pod_container_status_restarts_total,kube-controller-manager,10.244.1.4:8080,prometheus.scrape.annotated_pods,kube-system,kube-controller-manager-desktop-control-plane,523c4ae2-e9b9-423c-a805-02ab5768def4
2025-07-12 06:00:28,1,kube_pod_container_status_restarts_total,kube-controller-manager,10.244.1.4:8080,prometheus.scrape.annotated_pods,kube-system,kube-controller-manager-desktop-control-plane,523c4ae2-e9b9-423c-a805-02ab5768def4
2025-07-12 06:01:28,1,kube_pod_container_status_restarts_total,kube-controller-manager,10.244.1.4:8080,prometheus.scrape.annotated_pods,kube-system,kube-controller-manager-desktop-control-plane,523c4ae2-e9b9-423c-a805-02ab5768def4
2025-07-12 06:02:28,1,kube_pod_container_status_restarts_total,kube-controller-manager,10.244.1.4:8080,prometheus.scrape.annotated_pods,kube-system,kube-controller-manager-desktop-control-plane,523c4ae2-e9b9-423c-a805-02ab5768def4
2025-07-12 06:03:28,1,kube_pod_container_status_restarts_total,kube-controller-manager,10.244.1.4:8080,prometheus.scrape.annotated_pods,kube-system,kube-controller-manager-desktop-control-plane,523c4ae2-e9b9-423c-a805-02ab5768def4
2025-07-12 06:04:28,1,kube_pod_container_status_restarts_total,kube-controller-manager,10.244.1.4:8080,prometheus.scrape.annotated_pods,kube-system,kube-controller-manager-desktop-control-plane,523c4ae2-e9b9-423c-a805-02ab5768def4
2025-07-12 06:05:28,1,kube_pod_container_status_restarts_total,kube-controller-manager,10.244.1.4:8080,prometheus.scrape.annotated_pods,kube-system,kube-controller-manager-desktop-control-plane,523c4ae2-e9b9-423c-a805-02ab5768def4
2025-07-12 06:06:28,1,kube_pod_container_status_restarts_total,kube-controller-manager,10.244.1.4:8080,prometheus.scrape.annotated_pods,kube-system,kube-controller-manager-desktop-control-plane,523c4ae2-e9b9-423c-a805-02ab5768def4
2025-07-12 06:07:28,1,kube_pod_container_status_restarts_total,kube-controller-manager,10.244.1.4:8080,prometheus.scrape.annotated_pods,kube-system,kube-controller-manager-desktop-control-plane,523c4ae2-e9b9-423c-a805-02ab5768def4
2025-07-12 06:08:28,1,kube_pod_container_status_restarts_total,kube-controller-manager,10.244.1.4:8080,prometheus.scrape.annotated_pods,kube-system,kube-controller-manager-desktop-control-plane,523c4ae2-e9b9-423c-a805-02ab5768def4
2025-07-12 06:09:28,1,kube_pod_container_status_restarts_total,kube-controller-manager,10.244.1.4:8080,prometheus.scrape.annotated_pods,kube-system,kube-controller-manager-desktop-control-plane,523c4ae2-e9b9-423c-a805-02ab5768def4
2025-07-12 06:10:28,1,kube_pod_container_status_restarts_total,kube-controller-manager,10.244.1.4:8080,prometheus.scrape.annotated_pods,kube-system,kube-controller-manager-desktop-control-plane,523c4ae2-e9b9-423c-a805-02ab5768def4
2025-07-12 06:11:28,1,kube_pod_container_status_restarts_total,kube-controller-manager,10.244.1.4:8080,prometheus.scrape.annotated_pods,kube-system,kube-controller-manager-desktop-control-plane,523c4ae2-e9b9-423c-a805-02ab5768def4
2025-07-12 06:12:28,1,kube_pod_container_status_restarts_total,kube-controller-manager,10.244.1.4:8080,prometheus.scrape.annotated_pods,kube-system,kube-controller-manager-desktop-control-plane,523c4ae2-e9b9-423c-a805-02ab5768def4
2025-07-12 06:13:28,1,kube_pod_container_status_restarts_total,kube-controller-manager,10.244.1.4:8080,prometheus.scrape.annotated_pods,kube-system,kube-controller-manager-desktop-control-plane,523c4ae2-e9b9-423c-a805-02ab5768def4
2025-07-12 05:30:28,1,kube_pod_container_status_restarts_total,kube-controller-manager,kube-state-metrics.nimbusguard.svc:8080,prometheus.scrape.kube_state_metrics,kube-system,kube-controller-manager-desktop-control-plane,523c4ae2-e9b9-423c-a805-02ab5768def4
2025-07-12 05:31:28,1,kube_pod_container_status_restarts_total,kube-controller-manager,kube-state-metrics.nimbusguard.svc:8080,prometheus.scrape.kube_state_metrics,kube-system,kube-controller-manager-desktop-control-plane,523c4ae2-e9b9-423c-a805-02ab5768def4
2025-07-12 05:32:28,1,kube_pod_container_status_restarts_total,kube-controller-manager,kube-state-metrics.nimbusguard.svc:8080,prometheus.scrape.kube_state_metrics,kube-system,kube-controller-manager-desktop-control-plane,523c4ae2-e9b9-423c-a805-02ab5768def4
2025-07-12 05:33:28,1,kube_pod_container_status_restarts_total,kube-controller-manager,kube-state-metrics.nimbusguard.svc:8080,prometheus.scrape.kube_state_metrics,kube-system,kube-controller-manager-desktop-control-plane,523c4ae2-e9b9-423c-a805-02ab5768def4
2025-07-12 05:34:28,1,kube_pod_container_status_restarts_total,kube-controller-manager,kube-state-metrics.nimbusguard.svc:8080,prometheus.scrape.kube_state_metrics,kube-system,kube-controller-manager-desktop-control-plane,523c4ae2-e9b9-423c-a805-02ab5768def4
2025-07-12 05:35:28,1,kube_pod_container_status_restarts_total,kube-controller-manager,kube-state-metrics.nimbusguard.svc:8080,prometheus.scrape.kube_state_metrics,kube-system,kube-controller-manager-desktop-control-plane,523c4ae2-e9b9-423c-a805-02ab5768def4
2025-07-12 05:36:28,1,kube_pod_container_status_restarts_total,kube-controller-manager,kube-state-metrics.nimbusguard.svc:8080,prometheus.scrape.kube_state_metrics,kube-system,kube-controller-manager-desktop-control-plane,523c4ae2-e9b9-423c-a805-02ab5768def4
2025-07-12 05:37:28,1,kube_pod_container_status_restarts_total,kube-controller-manager,kube-state-metrics.nimbusguard.svc:8080,prometheus.scrape.kube_state_metrics,kube-system,kube-controller-manager-desktop-control-plane,523c4ae2-e9b9-423c-a805-02ab5768def4
2025-07-12 05:38:28,1,kube_pod_container_status_restarts_total,kube-controller-manager,kube-state-metrics.nimbusguard.svc:8080,prometheus.scrape.kube_state_metrics,kube-system,kube-controller-manager-desktop-control-plane,523c4ae2-e9b9-423c-a805-02ab5768def4
2025-07-12 05:39:28,1,kube_pod_container_status_restarts_total,kube-controller-manager,kube-state-metrics.nimbusguard.svc:8080,prometheus.scrape.kube_state_metrics,kube-system,kube-controller-manager-desktop-control-plane,523c4ae2-e9b9-423c-a805-02ab5768def4
2025-07-12 05:40:28,1,kube_pod_container_status_restarts_total,kube-controller-manager,kube-state-metrics.nimbusguard.svc:8080,prometheus.scrape.kube_state_metrics,kube-system,kube-controller-manager-desktop-control-plane,523c4ae2-e9b9-423c-a805-02ab5768def4
2025-07-12 05:41:28,1,kube_pod_container_status_restarts_total,kube-controller-manager,kube-state-metrics.nimbusguard.svc:8080,prometheus.scrape.kube_state_metrics,kube-system,kube-controller-manager-desktop-control-plane,523c4ae2-e9b9-423c-a805-02ab5768def4
2025-07-12 05:42:28,1,kube_pod_container_status_restarts_total,kube-controller-manager,kube-state-metrics.nimbusguard.svc:8080,prometheus.scrape.kube_state_metrics,kube-system,kube-controller-manager-desktop-control-plane,523c4ae2-e9b9-423c-a805-02ab5768def4
2025-07-12 05:43:28,1,kube_pod_container_status_restarts_total,kube-controller-manager,kube-state-metrics.nimbusguard.svc:8080,prometheus.scrape.kube_state_metrics,kube-system,kube-controller-manager-desktop-control-plane,523c4ae2-e9b9-423c-a805-02ab5768def4
2025-07-12 05:44:28,1,kube_pod_container_status_restarts_total,kube-controller-manager,kube-state-metrics.nimbusguard.svc:8080,prometheus.scrape.kube_state_metrics,kube-system,kube-controller-manager-desktop-control-plane,523c4ae2-e9b9-423c-a805-02ab5768def4
2025-07-12 05:45:28,1,kube_pod_container_status_restarts_total,kube-controller-manager,kube-state-metrics.nimbusguard.svc:8080,prometheus.scrape.kube_state_metrics,kube-system,kube-controller-manager-desktop-control-plane,523c4ae2-e9b9-423c-a805-02ab5768def4
2025-07-12 05:46:28,1,kube_pod_container_status_restarts_total,kube-controller-manager,kube-state-metrics.nimbusguard.svc:8080,prometheus.scrape.kube_state_metrics,kube-system,kube-controller-manager-desktop-control-plane,523c4ae2-e9b9-423c-a805-02ab5768def4
2025-07-12 05:47:28,1,kube_pod_container_status_restarts_total,kube-controller-manager,kube-state-metrics.nimbusguard.svc:8080,prometheus.scrape.kube_state_metrics,kube-system,kube-controller-manager-desktop-control-plane,523c4ae2-e9b9-423c-a805-02ab5768def4
2025-07-12 05:48:28,1,kube_pod_container_status_restarts_total,kube-controller-manager,kube-state-metrics.nimbusguard.svc:8080,prometheus.scrape.kube_state_metrics,kube-system,kube-controller-manager-desktop-control-plane,523c4ae2-e9b9-423c-a805-02ab5768def4
2025-07-12 05:49:28,1,kube_pod_container_status_restarts_total,kube-controller-manager,kube-state-metrics.nimbusguard.svc:8080,prometheus.scrape.kube_state_metrics,kube-system,kube-controller-manager-desktop-control-plane,523c4ae2-e9b9-423c-a805-02ab5768def4
2025-07-12 05:50:28,1,kube_pod_container_status_restarts_total,kube-controller-manager,kube-state-metrics.nimbusguard.svc:8080,prometheus.scrape.kube_state_metrics,kube-system,kube-controller-manager-desktop-control-plane,523c4ae2-e9b9-423c-a805-02ab5768def4
2025-07-12 05:51:28,1,kube_pod_container_status_restarts_total,kube-controller-manager,kube-state-metrics.nimbusguard.svc:8080,prometheus.scrape.kube_state_metrics,kube-system,kube-controller-manager-desktop-control-plane,523c4ae2-e9b9-423c-a805-02ab5768def4
2025-07-12 05:52:28,1,kube_pod_container_status_restarts_total,kube-controller-manager,kube-state-metrics.nimbusguard.svc:8080,prometheus.scrape.kube_state_metrics,kube-system,kube-controller-manager-desktop-control-plane,523c4ae2-e9b9-423c-a805-02ab5768def4
2025-07-12 05:53:28,1,kube_pod_container_status_restarts_total,kube-controller-manager,kube-state-metrics.nimbusguard.svc:8080,prometheus.scrape.kube_state_metrics,kube-system,kube-controller-manager-desktop-control-plane,523c4ae2-e9b9-423c-a805-02ab5768def4
2025-07-12 05:54:28,1,kube_pod_container_status_restarts_total,kube-controller-manager,kube-state-metrics.nimbusguard.svc:8080,prometheus.scrape.kube_state_metrics,kube-system,kube-controller-manager-desktop-control-plane,523c4ae2-e9b9-423c-a805-02ab5768def4
2025-07-12 05:55:28,1,kube_pod_container_status_restarts_total,kube-controller-manager,kube-state-metrics.nimbusguard.svc:8080,prometheus.scrape.kube_state_metrics,kube-system,kube-controller-manager-desktop-control-plane,523c4ae2-e9b9-423c-a805-02ab5768def4
2025-07-12 05:56:28,1,kube_pod_container_status_restarts_total,kube-controller-manager,kube-state-metrics.nimbusguard.svc:8080,prometheus.scrape.kube_state_metrics,kube-system,kube-controller-manager-desktop-control-plane,523c4ae2-e9b9-423c-a805-02ab5768def4
2025-07-12 05:57:28,1,kube_pod_container_status_restarts_total,kube-controller-manager,kube-state-metrics.nimbusguard.svc:8080,prometheus.scrape.kube_state_metrics,kube-system,kube-controller-manager-desktop-control-plane,523c4ae2-e9b9-423c-a805-02ab5768def4
2025-07-12 05:58:28,1,kube_pod_container_status_restarts_total,kube-controller-manager,kube-state-metrics.nimbusguard.svc:8080,prometheus.scrape.kube_state_metrics,kube-system,kube-controller-manager-desktop-control-plane,523c4ae2-e9b9-423c-a805-02ab5768def4
2025-07-12 05:59:28,1,kube_pod_container_status_restarts_total,kube-controller-manager,kube-state-metrics.nimbusguard.svc:8080,prometheus.scrape.kube_state_metrics,kube-system,kube-controller-manager-desktop-control-plane,523c4ae2-e9b9-423c-a805-02ab5768def4
2025-07-12 06:00:28,1,kube_pod_container_status_restarts_total,kube-controller-manager,kube-state-metrics.nimbusguard.svc:8080,prometheus.scrape.kube_state_metrics,kube-system,kube-controller-manager-desktop-control-plane,523c4ae2-e9b9-423c-a805-02ab5768def4
2025-07-12 06:01:28,1,kube_pod_container_status_restarts_total,kube-controller-manager,kube-state-metrics.nimbusguard.svc:8080,prometheus.scrape.kube_state_metrics,kube-system,kube-controller-manager-desktop-control-plane,523c4ae2-e9b9-423c-a805-02ab5768def4
2025-07-12 06:02:28,1,kube_pod_container_status_restarts_total,kube-controller-manager,kube-state-metrics.nimbusguard.svc:8080,prometheus.scrape.kube_state_metrics,kube-system,kube-controller-manager-desktop-control-plane,523c4ae2-e9b9-423c-a805-02ab5768def4
2025-07-12 06:03:28,1,kube_pod_container_status_restarts_total,kube-controller-manager,kube-state-metrics.nimbusguard.svc:8080,prometheus.scrape.kube_state_metrics,kube-system,kube-controller-manager-desktop-control-plane,523c4ae2-e9b9-423c-a805-02ab5768def4
2025-07-12 06:04:28,1,kube_pod_container_status_restarts_total,kube-controller-manager,kube-state-metrics.nimbusguard.svc:8080,prometheus.scrape.kube_state_metrics,kube-system,kube-controller-manager-desktop-control-plane,523c4ae2-e9b9-423c-a805-02ab5768def4
2025-07-12 06:05:28,1,kube_pod_container_status_restarts_total,kube-controller-manager,kube-state-metrics.nimbusguard.svc:8080,prometheus.scrape.kube_state_metrics,kube-system,kube-controller-manager-desktop-control-plane,523c4ae2-e9b9-423c-a805-02ab5768def4
2025-07-12 06:06:28,1,kube_pod_container_status_restarts_total,kube-controller-manager,kube-state-metrics.nimbusguard.svc:8080,prometheus.scrape.kube_state_metrics,kube-system,kube-controller-manager-desktop-control-plane,523c4ae2-e9b9-423c-a805-02ab5768def4
2025-07-12 06:07:28,1,kube_pod_container_status_restarts_total,kube-controller-manager,kube-state-metrics.nimbusguard.svc:8080,prometheus.scrape.kube_state_metrics,kube-system,kube-controller-manager-desktop-control-plane,523c4ae2-e9b9-423c-a805-02ab5768def4
2025-07-12 06:08:28,1,kube_pod_container_status_restarts_total,kube-controller-manager,kube-state-metrics.nimbusguard.svc:8080,prometheus.scrape.kube_state_metrics,kube-system,kube-controller-manager-desktop-control-plane,523c4ae2-e9b9-423c-a805-02ab5768def4
2025-07-12 06:09:28,1,kube_pod_container_status_restarts_total,kube-controller-manager,kube-state-metrics.nimbusguard.svc:8080,prometheus.scrape.kube_state_metrics,kube-system,kube-controller-manager-desktop-control-plane,523c4ae2-e9b9-423c-a805-02ab5768def4
2025-07-12 06:10:28,1,kube_pod_container_status_restarts_total,kube-controller-manager,kube-state-metrics.nimbusguard.svc:8080,prometheus.scrape.kube_state_metrics,kube-system,kube-controller-manager-desktop-control-plane,523c4ae2-e9b9-423c-a805-02ab5768def4
2025-07-12 06:11:28,1,kube_pod_container_status_restarts_total,kube-controller-manager,kube-state-metrics.nimbusguard.svc:8080,prometheus.scrape.kube_state_metrics,kube-system,kube-controller-manager-desktop-control-plane,523c4ae2-e9b9-423c-a805-02ab5768def4
2025-07-12 06:12:28,1,kube_pod_container_status_restarts_total,kube-controller-manager,kube-state-metrics.nimbusguard.svc:8080,prometheus.scrape.kube_state_metrics,kube-system,kube-controller-manager-desktop-control-plane,523c4ae2-e9b9-423c-a805-02ab5768def4
2025-07-12 06:13:28,1,kube_pod_container_status_restarts_total,kube-controller-manager,kube-state-metrics.nimbusguard.svc:8080,prometheus.scrape.kube_state_metrics,kube-system,kube-controller-manager-desktop-control-plane,523c4ae2-e9b9-423c-a805-02ab5768def4
2025-07-12 05:29:28,0,kube_pod_container_status_restarts_total,kube-proxy,10.244.1.4:8080,prometheus.scrape.annotated_pods,kube-system,kube-proxy-gcgpc,cd4e080b-c497-4838-b07f-08571a2a6393
2025-07-12 05:30:28,0,kube_pod_container_status_restarts_total,kube-proxy,10.244.1.4:8080,prometheus.scrape.annotated_pods,kube-system,kube-proxy-gcgpc,cd4e080b-c497-4838-b07f-08571a2a6393
2025-07-12 05:31:28,0,kube_pod_container_status_restarts_total,kube-proxy,10.244.1.4:8080,prometheus.scrape.annotated_pods,kube-system,kube-proxy-gcgpc,cd4e080b-c497-4838-b07f-08571a2a6393
2025-07-12 05:32:28,0,kube_pod_container_status_restarts_total,kube-proxy,10.244.1.4:8080,prometheus.scrape.annotated_pods,kube-system,kube-proxy-gcgpc,cd4e080b-c497-4838-b07f-08571a2a6393
2025-07-12 05:33:28,0,kube_pod_container_status_restarts_total,kube-proxy,10.244.1.4:8080,prometheus.scrape.annotated_pods,kube-system,kube-proxy-gcgpc,cd4e080b-c497-4838-b07f-08571a2a6393
2025-07-12 05:34:28,0,kube_pod_container_status_restarts_total,kube-proxy,10.244.1.4:8080,prometheus.scrape.annotated_pods,kube-system,kube-proxy-gcgpc,cd4e080b-c497-4838-b07f-08571a2a6393
2025-07-12 05:35:28,0,kube_pod_container_status_restarts_total,kube-proxy,10.244.1.4:8080,prometheus.scrape.annotated_pods,kube-system,kube-proxy-gcgpc,cd4e080b-c497-4838-b07f-08571a2a6393
2025-07-12 05:36:28,0,kube_pod_container_status_restarts_total,kube-proxy,10.244.1.4:8080,prometheus.scrape.annotated_pods,kube-system,kube-proxy-gcgpc,cd4e080b-c497-4838-b07f-08571a2a6393
2025-07-12 05:37:28,0,kube_pod_container_status_restarts_total,kube-proxy,10.244.1.4:8080,prometheus.scrape.annotated_pods,kube-system,kube-proxy-gcgpc,cd4e080b-c497-4838-b07f-08571a2a6393
2025-07-12 05:38:28,0,kube_pod_container_status_restarts_total,kube-proxy,10.244.1.4:8080,prometheus.scrape.annotated_pods,kube-system,kube-proxy-gcgpc,cd4e080b-c497-4838-b07f-08571a2a6393
2025-07-12 05:39:28,0,kube_pod_container_status_restarts_total,kube-proxy,10.244.1.4:8080,prometheus.scrape.annotated_pods,kube-system,kube-proxy-gcgpc,cd4e080b-c497-4838-b07f-08571a2a6393
2025-07-12 05:40:28,0,kube_pod_container_status_restarts_total,kube-proxy,10.244.1.4:8080,prometheus.scrape.annotated_pods,kube-system,kube-proxy-gcgpc,cd4e080b-c497-4838-b07f-08571a2a6393
2025-07-12 05:41:28,0,kube_pod_container_status_restarts_total,kube-proxy,10.244.1.4:8080,prometheus.scrape.annotated_pods,kube-system,kube-proxy-gcgpc,cd4e080b-c497-4838-b07f-08571a2a6393
2025-07-12 05:42:28,0,kube_pod_container_status_restarts_total,kube-proxy,10.244.1.4:8080,prometheus.scrape.annotated_pods,kube-system,kube-proxy-gcgpc,cd4e080b-c497-4838-b07f-08571a2a6393
2025-07-12 05:43:28,0,kube_pod_container_status_restarts_total,kube-proxy,10.244.1.4:8080,prometheus.scrape.annotated_pods,kube-system,kube-proxy-gcgpc,cd4e080b-c497-4838-b07f-08571a2a6393
2025-07-12 05:44:28,0,kube_pod_container_status_restarts_total,kube-proxy,10.244.1.4:8080,prometheus.scrape.annotated_pods,kube-system,kube-proxy-gcgpc,cd4e080b-c497-4838-b07f-08571a2a6393
2025-07-12 05:45:28,0,kube_pod_container_status_restarts_total,kube-proxy,10.244.1.4:8080,prometheus.scrape.annotated_pods,kube-system,kube-proxy-gcgpc,cd4e080b-c497-4838-b07f-08571a2a6393
2025-07-12 05:46:28,0,kube_pod_container_status_restarts_total,kube-proxy,10.244.1.4:8080,prometheus.scrape.annotated_pods,kube-system,kube-proxy-gcgpc,cd4e080b-c497-4838-b07f-08571a2a6393
2025-07-12 05:47:28,0,kube_pod_container_status_restarts_total,kube-proxy,10.244.1.4:8080,prometheus.scrape.annotated_pods,kube-system,kube-proxy-gcgpc,cd4e080b-c497-4838-b07f-08571a2a6393
2025-07-12 05:48:28,0,kube_pod_container_status_restarts_total,kube-proxy,10.244.1.4:8080,prometheus.scrape.annotated_pods,kube-system,kube-proxy-gcgpc,cd4e080b-c497-4838-b07f-08571a2a6393
2025-07-12 05:49:28,0,kube_pod_container_status_restarts_total,kube-proxy,10.244.1.4:8080,prometheus.scrape.annotated_pods,kube-system,kube-proxy-gcgpc,cd4e080b-c497-4838-b07f-08571a2a6393
2025-07-12 05:50:28,0,kube_pod_container_status_restarts_total,kube-proxy,10.244.1.4:8080,prometheus.scrape.annotated_pods,kube-system,kube-proxy-gcgpc,cd4e080b-c497-4838-b07f-08571a2a6393
2025-07-12 05:51:28,0,kube_pod_container_status_restarts_total,kube-proxy,10.244.1.4:8080,prometheus.scrape.annotated_pods,kube-system,kube-proxy-gcgpc,cd4e080b-c497-4838-b07f-08571a2a6393
2025-07-12 05:52:28,0,kube_pod_container_status_restarts_total,kube-proxy,10.244.1.4:8080,prometheus.scrape.annotated_pods,kube-system,kube-proxy-gcgpc,cd4e080b-c497-4838-b07f-08571a2a6393
2025-07-12 05:53:28,0,kube_pod_container_status_restarts_total,kube-proxy,10.244.1.4:8080,prometheus.scrape.annotated_pods,kube-system,kube-proxy-gcgpc,cd4e080b-c497-4838-b07f-08571a2a6393
2025-07-12 05:54:28,0,kube_pod_container_status_restarts_total,kube-proxy,10.244.1.4:8080,prometheus.scrape.annotated_pods,kube-system,kube-proxy-gcgpc,cd4e080b-c497-4838-b07f-08571a2a6393
2025-07-12 05:55:28,0,kube_pod_container_status_restarts_total,kube-proxy,10.244.1.4:8080,prometheus.scrape.annotated_pods,kube-system,kube-proxy-gcgpc,cd4e080b-c497-4838-b07f-08571a2a6393
2025-07-12 05:56:28,0,kube_pod_container_status_restarts_total,kube-proxy,10.244.1.4:8080,prometheus.scrape.annotated_pods,kube-system,kube-proxy-gcgpc,cd4e080b-c497-4838-b07f-08571a2a6393
2025-07-12 05:57:28,0,kube_pod_container_status_restarts_total,kube-proxy,10.244.1.4:8080,prometheus.scrape.annotated_pods,kube-system,kube-proxy-gcgpc,cd4e080b-c497-4838-b07f-08571a2a6393
2025-07-12 05:58:28,0,kube_pod_container_status_restarts_total,kube-proxy,10.244.1.4:8080,prometheus.scrape.annotated_pods,kube-system,kube-proxy-gcgpc,cd4e080b-c497-4838-b07f-08571a2a6393
2025-07-12 05:59:28,0,kube_pod_container_status_restarts_total,kube-proxy,10.244.1.4:8080,prometheus.scrape.annotated_pods,kube-system,kube-proxy-gcgpc,cd4e080b-c497-4838-b07f-08571a2a6393
2025-07-12 06:00:28,0,kube_pod_container_status_restarts_total,kube-proxy,10.244.1.4:8080,prometheus.scrape.annotated_pods,kube-system,kube-proxy-gcgpc,cd4e080b-c497-4838-b07f-08571a2a6393
2025-07-12 06:01:28,0,kube_pod_container_status_restarts_total,kube-proxy,10.244.1.4:8080,prometheus.scrape.annotated_pods,kube-system,kube-proxy-gcgpc,cd4e080b-c497-4838-b07f-08571a2a6393
2025-07-12 06:02:28,0,kube_pod_container_status_restarts_total,kube-proxy,10.244.1.4:8080,prometheus.scrape.annotated_pods,kube-system,kube-proxy-gcgpc,cd4e080b-c497-4838-b07f-08571a2a6393
2025-07-12 06:03:28,0,kube_pod_container_status_restarts_total,kube-proxy,10.244.1.4:8080,prometheus.scrape.annotated_pods,kube-system,kube-proxy-gcgpc,cd4e080b-c497-4838-b07f-08571a2a6393
2025-07-12 06:04:28,0,kube_pod_container_status_restarts_total,kube-proxy,10.244.1.4:8080,prometheus.scrape.annotated_pods,kube-system,kube-proxy-gcgpc,cd4e080b-c497-4838-b07f-08571a2a6393
2025-07-12 06:05:28,0,kube_pod_container_status_restarts_total,kube-proxy,10.244.1.4:8080,prometheus.scrape.annotated_pods,kube-system,kube-proxy-gcgpc,cd4e080b-c497-4838-b07f-08571a2a6393
2025-07-12 06:06:28,0,kube_pod_container_status_restarts_total,kube-proxy,10.244.1.4:8080,prometheus.scrape.annotated_pods,kube-system,kube-proxy-gcgpc,cd4e080b-c497-4838-b07f-08571a2a6393
2025-07-12 06:07:28,0,kube_pod_container_status_restarts_total,kube-proxy,10.244.1.4:8080,prometheus.scrape.annotated_pods,kube-system,kube-proxy-gcgpc,cd4e080b-c497-4838-b07f-08571a2a6393
2025-07-12 06:08:28,0,kube_pod_container_status_restarts_total,kube-proxy,10.244.1.4:8080,prometheus.scrape.annotated_pods,kube-system,kube-proxy-gcgpc,cd4e080b-c497-4838-b07f-08571a2a6393
2025-07-12 06:09:28,0,kube_pod_container_status_restarts_total,kube-proxy,10.244.1.4:8080,prometheus.scrape.annotated_pods,kube-system,kube-proxy-gcgpc,cd4e080b-c497-4838-b07f-08571a2a6393
2025-07-12 06:10:28,0,kube_pod_container_status_restarts_total,kube-proxy,10.244.1.4:8080,prometheus.scrape.annotated_pods,kube-system,kube-proxy-gcgpc,cd4e080b-c497-4838-b07f-08571a2a6393
2025-07-12 06:11:28,0,kube_pod_container_status_restarts_total,kube-proxy,10.244.1.4:8080,prometheus.scrape.annotated_pods,kube-system,kube-proxy-gcgpc,cd4e080b-c497-4838-b07f-08571a2a6393
2025-07-12 06:12:28,0,kube_pod_container_status_restarts_total,kube-proxy,10.244.1.4:8080,prometheus.scrape.annotated_pods,kube-system,kube-proxy-gcgpc,cd4e080b-c497-4838-b07f-08571a2a6393
2025-07-12 06:13:28,0,kube_pod_container_status_restarts_total,kube-proxy,10.244.1.4:8080,prometheus.scrape.annotated_pods,kube-system,kube-proxy-gcgpc,cd4e080b-c497-4838-b07f-08571a2a6393
2025-07-12 05:29:28,0,kube_pod_container_status_restarts_total,kube-proxy,10.244.1.4:8080,prometheus.scrape.annotated_pods,kube-system,kube-proxy-npcbk,8c0e17cb-bfc3-4e96-a1f6-ef2a00c15a8c
2025-07-12 05:30:28,0,kube_pod_container_status_restarts_total,kube-proxy,10.244.1.4:8080,prometheus.scrape.annotated_pods,kube-system,kube-proxy-npcbk,8c0e17cb-bfc3-4e96-a1f6-ef2a00c15a8c
2025-07-12 05:31:28,0,kube_pod_container_status_restarts_total,kube-proxy,10.244.1.4:8080,prometheus.scrape.annotated_pods,kube-system,kube-proxy-npcbk,8c0e17cb-bfc3-4e96-a1f6-ef2a00c15a8c
2025-07-12 05:32:28,0,kube_pod_container_status_restarts_total,kube-proxy,10.244.1.4:8080,prometheus.scrape.annotated_pods,kube-system,kube-proxy-npcbk,8c0e17cb-bfc3-4e96-a1f6-ef2a00c15a8c
2025-07-12 05:33:28,0,kube_pod_container_status_restarts_total,kube-proxy,10.244.1.4:8080,prometheus.scrape.annotated_pods,kube-system,kube-proxy-npcbk,8c0e17cb-bfc3-4e96-a1f6-ef2a00c15a8c
2025-07-12 05:34:28,0,kube_pod_container_status_restarts_total,kube-proxy,10.244.1.4:8080,prometheus.scrape.annotated_pods,kube-system,kube-proxy-npcbk,8c0e17cb-bfc3-4e96-a1f6-ef2a00c15a8c
2025-07-12 05:35:28,0,kube_pod_container_status_restarts_total,kube-proxy,10.244.1.4:8080,prometheus.scrape.annotated_pods,kube-system,kube-proxy-npcbk,8c0e17cb-bfc3-4e96-a1f6-ef2a00c15a8c
2025-07-12 05:36:28,0,kube_pod_container_status_restarts_total,kube-proxy,10.244.1.4:8080,prometheus.scrape.annotated_pods,kube-system,kube-proxy-npcbk,8c0e17cb-bfc3-4e96-a1f6-ef2a00c15a8c
2025-07-12 05:37:28,0,kube_pod_container_status_restarts_total,kube-proxy,10.244.1.4:8080,prometheus.scrape.annotated_pods,kube-system,kube-proxy-npcbk,8c0e17cb-bfc3-4e96-a1f6-ef2a00c15a8c
2025-07-12 05:38:28,0,kube_pod_container_status_restarts_total,kube-proxy,10.244.1.4:8080,prometheus.scrape.annotated_pods,kube-system,kube-proxy-npcbk,8c0e17cb-bfc3-4e96-a1f6-ef2a00c15a8c
2025-07-12 05:39:28,0,kube_pod_container_status_restarts_total,kube-proxy,10.244.1.4:8080,prometheus.scrape.annotated_pods,kube-system,kube-proxy-npcbk,8c0e17cb-bfc3-4e96-a1f6-ef2a00c15a8c
2025-07-12 05:40:28,0,kube_pod_container_status_restarts_total,kube-proxy,10.244.1.4:8080,prometheus.scrape.annotated_pods,kube-system,kube-proxy-npcbk,8c0e17cb-bfc3-4e96-a1f6-ef2a00c15a8c
2025-07-12 05:41:28,0,kube_pod_container_status_restarts_total,kube-proxy,10.244.1.4:8080,prometheus.scrape.annotated_pods,kube-system,kube-proxy-npcbk,8c0e17cb-bfc3-4e96-a1f6-ef2a00c15a8c
2025-07-12 05:42:28,0,kube_pod_container_status_restarts_total,kube-proxy,10.244.1.4:8080,prometheus.scrape.annotated_pods,kube-system,kube-proxy-npcbk,8c0e17cb-bfc3-4e96-a1f6-ef2a00c15a8c
2025-07-12 05:43:28,0,kube_pod_container_status_restarts_total,kube-proxy,10.244.1.4:8080,prometheus.scrape.annotated_pods,kube-system,kube-proxy-npcbk,8c0e17cb-bfc3-4e96-a1f6-ef2a00c15a8c
2025-07-12 05:44:28,0,kube_pod_container_status_restarts_total,kube-proxy,10.244.1.4:8080,prometheus.scrape.annotated_pods,kube-system,kube-proxy-npcbk,8c0e17cb-bfc3-4e96-a1f6-ef2a00c15a8c
2025-07-12 05:45:28,0,kube_pod_container_status_restarts_total,kube-proxy,10.244.1.4:8080,prometheus.scrape.annotated_pods,kube-system,kube-proxy-npcbk,8c0e17cb-bfc3-4e96-a1f6-ef2a00c15a8c
2025-07-12 05:46:28,0,kube_pod_container_status_restarts_total,kube-proxy,10.244.1.4:8080,prometheus.scrape.annotated_pods,kube-system,kube-proxy-npcbk,8c0e17cb-bfc3-4e96-a1f6-ef2a00c15a8c
2025-07-12 05:47:28,0,kube_pod_container_status_restarts_total,kube-proxy,10.244.1.4:8080,prometheus.scrape.annotated_pods,kube-system,kube-proxy-npcbk,8c0e17cb-bfc3-4e96-a1f6-ef2a00c15a8c
2025-07-12 05:48:28,0,kube_pod_container_status_restarts_total,kube-proxy,10.244.1.4:8080,prometheus.scrape.annotated_pods,kube-system,kube-proxy-npcbk,8c0e17cb-bfc3-4e96-a1f6-ef2a00c15a8c
2025-07-12 05:49:28,0,kube_pod_container_status_restarts_total,kube-proxy,10.244.1.4:8080,prometheus.scrape.annotated_pods,kube-system,kube-proxy-npcbk,8c0e17cb-bfc3-4e96-a1f6-ef2a00c15a8c
2025-07-12 05:50:28,0,kube_pod_container_status_restarts_total,kube-proxy,10.244.1.4:8080,prometheus.scrape.annotated_pods,kube-system,kube-proxy-npcbk,8c0e17cb-bfc3-4e96-a1f6-ef2a00c15a8c
2025-07-12 05:51:28,0,kube_pod_container_status_restarts_total,kube-proxy,10.244.1.4:8080,prometheus.scrape.annotated_pods,kube-system,kube-proxy-npcbk,8c0e17cb-bfc3-4e96-a1f6-ef2a00c15a8c
2025-07-12 05:52:28,0,kube_pod_container_status_restarts_total,kube-proxy,10.244.1.4:8080,prometheus.scrape.annotated_pods,kube-system,kube-proxy-npcbk,8c0e17cb-bfc3-4e96-a1f6-ef2a00c15a8c
2025-07-12 05:53:28,0,kube_pod_container_status_restarts_total,kube-proxy,10.244.1.4:8080,prometheus.scrape.annotated_pods,kube-system,kube-proxy-npcbk,8c0e17cb-bfc3-4e96-a1f6-ef2a00c15a8c
2025-07-12 05:54:28,0,kube_pod_container_status_restarts_total,kube-proxy,10.244.1.4:8080,prometheus.scrape.annotated_pods,kube-system,kube-proxy-npcbk,8c0e17cb-bfc3-4e96-a1f6-ef2a00c15a8c
2025-07-12 05:55:28,0,kube_pod_container_status_restarts_total,kube-proxy,10.244.1.4:8080,prometheus.scrape.annotated_pods,kube-system,kube-proxy-npcbk,8c0e17cb-bfc3-4e96-a1f6-ef2a00c15a8c
2025-07-12 05:56:28,0,kube_pod_container_status_restarts_total,kube-proxy,10.244.1.4:8080,prometheus.scrape.annotated_pods,kube-system,kube-proxy-npcbk,8c0e17cb-bfc3-4e96-a1f6-ef2a00c15a8c
2025-07-12 05:57:28,0,kube_pod_container_status_restarts_total,kube-proxy,10.244.1.4:8080,prometheus.scrape.annotated_pods,kube-system,kube-proxy-npcbk,8c0e17cb-bfc3-4e96-a1f6-ef2a00c15a8c
2025-07-12 05:58:28,0,kube_pod_container_status_restarts_total,kube-proxy,10.244.1.4:8080,prometheus.scrape.annotated_pods,kube-system,kube-proxy-npcbk,8c0e17cb-bfc3-4e96-a1f6-ef2a00c15a8c
2025-07-12 05:59:28,0,kube_pod_container_status_restarts_total,kube-proxy,10.244.1.4:8080,prometheus.scrape.annotated_pods,kube-system,kube-proxy-npcbk,8c0e17cb-bfc3-4e96-a1f6-ef2a00c15a8c
2025-07-12 06:00:28,0,kube_pod_container_status_restarts_total,kube-proxy,10.244.1.4:8080,prometheus.scrape.annotated_pods,kube-system,kube-proxy-npcbk,8c0e17cb-bfc3-4e96-a1f6-ef2a00c15a8c
2025-07-12 06:01:28,0,kube_pod_container_status_restarts_total,kube-proxy,10.244.1.4:8080,prometheus.scrape.annotated_pods,kube-system,kube-proxy-npcbk,8c0e17cb-bfc3-4e96-a1f6-ef2a00c15a8c
2025-07-12 06:02:28,0,kube_pod_container_status_restarts_total,kube-proxy,10.244.1.4:8080,prometheus.scrape.annotated_pods,kube-system,kube-proxy-npcbk,8c0e17cb-bfc3-4e96-a1f6-ef2a00c15a8c
2025-07-12 06:03:28,0,kube_pod_container_status_restarts_total,kube-proxy,10.244.1.4:8080,prometheus.scrape.annotated_pods,kube-system,kube-proxy-npcbk,8c0e17cb-bfc3-4e96-a1f6-ef2a00c15a8c
2025-07-12 06:04:28,0,kube_pod_container_status_restarts_total,kube-proxy,10.244.1.4:8080,prometheus.scrape.annotated_pods,kube-system,kube-proxy-npcbk,8c0e17cb-bfc3-4e96-a1f6-ef2a00c15a8c
2025-07-12 06:05:28,0,kube_pod_container_status_restarts_total,kube-proxy,10.244.1.4:8080,prometheus.scrape.annotated_pods,kube-system,kube-proxy-npcbk,8c0e17cb-bfc3-4e96-a1f6-ef2a00c15a8c
2025-07-12 06:06:28,0,kube_pod_container_status_restarts_total,kube-proxy,10.244.1.4:8080,prometheus.scrape.annotated_pods,kube-system,kube-proxy-npcbk,8c0e17cb-bfc3-4e96-a1f6-ef2a00c15a8c
2025-07-12 06:07:28,0,kube_pod_container_status_restarts_total,kube-proxy,10.244.1.4:8080,prometheus.scrape.annotated_pods,kube-system,kube-proxy-npcbk,8c0e17cb-bfc3-4e96-a1f6-ef2a00c15a8c
2025-07-12 06:08:28,0,kube_pod_container_status_restarts_total,kube-proxy,10.244.1.4:8080,prometheus.scrape.annotated_pods,kube-system,kube-proxy-npcbk,8c0e17cb-bfc3-4e96-a1f6-ef2a00c15a8c
2025-07-12 06:09:28,0,kube_pod_container_status_restarts_total,kube-proxy,10.244.1.4:8080,prometheus.scrape.annotated_pods,kube-system,kube-proxy-npcbk,8c0e17cb-bfc3-4e96-a1f6-ef2a00c15a8c
2025-07-12 06:10:28,0,kube_pod_container_status_restarts_total,kube-proxy,10.244.1.4:8080,prometheus.scrape.annotated_pods,kube-system,kube-proxy-npcbk,8c0e17cb-bfc3-4e96-a1f6-ef2a00c15a8c
2025-07-12 06:11:28,0,kube_pod_container_status_restarts_total,kube-proxy,10.244.1.4:8080,prometheus.scrape.annotated_pods,kube-system,kube-proxy-npcbk,8c0e17cb-bfc3-4e96-a1f6-ef2a00c15a8c
2025-07-12 06:12:28,0,kube_pod_container_status_restarts_total,kube-proxy,10.244.1.4:8080,prometheus.scrape.annotated_pods,kube-system,kube-proxy-npcbk,8c0e17cb-bfc3-4e96-a1f6-ef2a00c15a8c
2025-07-12 06:13:28,0,kube_pod_container_status_restarts_total,kube-proxy,10.244.1.4:8080,prometheus.scrape.annotated_pods,kube-system,kube-proxy-npcbk,8c0e17cb-bfc3-4e96-a1f6-ef2a00c15a8c
2025-07-12 05:29:28,1,kube_pod_container_status_restarts_total,kube-proxy,10.244.1.4:8080,prometheus.scrape.annotated_pods,kube-system,kube-proxy-vgcbc,59aaecdd-e717-4c70-a506-b1c20e684995
2025-07-12 05:30:28,1,kube_pod_container_status_restarts_total,kube-proxy,10.244.1.4:8080,prometheus.scrape.annotated_pods,kube-system,kube-proxy-vgcbc,59aaecdd-e717-4c70-a506-b1c20e684995
2025-07-12 05:31:28,1,kube_pod_container_status_restarts_total,kube-proxy,10.244.1.4:8080,prometheus.scrape.annotated_pods,kube-system,kube-proxy-vgcbc,59aaecdd-e717-4c70-a506-b1c20e684995
2025-07-12 05:32:28,1,kube_pod_container_status_restarts_total,kube-proxy,10.244.1.4:8080,prometheus.scrape.annotated_pods,kube-system,kube-proxy-vgcbc,59aaecdd-e717-4c70-a506-b1c20e684995
2025-07-12 05:33:28,1,kube_pod_container_status_restarts_total,kube-proxy,10.244.1.4:8080,prometheus.scrape.annotated_pods,kube-system,kube-proxy-vgcbc,59aaecdd-e717-4c70-a506-b1c20e684995
2025-07-12 05:34:28,1,kube_pod_container_status_restarts_total,kube-proxy,10.244.1.4:8080,prometheus.scrape.annotated_pods,kube-system,kube-proxy-vgcbc,59aaecdd-e717-4c70-a506-b1c20e684995
2025-07-12 05:35:28,1,kube_pod_container_status_restarts_total,kube-proxy,10.244.1.4:8080,prometheus.scrape.annotated_pods,kube-system,kube-proxy-vgcbc,59aaecdd-e717-4c70-a506-b1c20e684995
2025-07-12 05:36:28,1,kube_pod_container_status_restarts_total,kube-proxy,10.244.1.4:8080,prometheus.scrape.annotated_pods,kube-system,kube-proxy-vgcbc,59aaecdd-e717-4c70-a506-b1c20e684995
2025-07-12 05:37:28,1,kube_pod_container_status_restarts_total,kube-proxy,10.244.1.4:8080,prometheus.scrape.annotated_pods,kube-system,kube-proxy-vgcbc,59aaecdd-e717-4c70-a506-b1c20e684995
2025-07-12 05:38:28,1,kube_pod_container_status_restarts_total,kube-proxy,10.244.1.4:8080,prometheus.scrape.annotated_pods,kube-system,kube-proxy-vgcbc,59aaecdd-e717-4c70-a506-b1c20e684995
2025-07-12 05:39:28,1,kube_pod_container_status_restarts_total,kube-proxy,10.244.1.4:8080,prometheus.scrape.annotated_pods,kube-system,kube-proxy-vgcbc,59aaecdd-e717-4c70-a506-b1c20e684995
2025-07-12 05:40:28,1,kube_pod_container_status_restarts_total,kube-proxy,10.244.1.4:8080,prometheus.scrape.annotated_pods,kube-system,kube-proxy-vgcbc,59aaecdd-e717-4c70-a506-b1c20e684995
2025-07-12 05:41:28,1,kube_pod_container_status_restarts_total,kube-proxy,10.244.1.4:8080,prometheus.scrape.annotated_pods,kube-system,kube-proxy-vgcbc,59aaecdd-e717-4c70-a506-b1c20e684995
2025-07-12 05:42:28,1,kube_pod_container_status_restarts_total,kube-proxy,10.244.1.4:8080,prometheus.scrape.annotated_pods,kube-system,kube-proxy-vgcbc,59aaecdd-e717-4c70-a506-b1c20e684995
2025-07-12 05:43:28,1,kube_pod_container_status_restarts_total,kube-proxy,10.244.1.4:8080,prometheus.scrape.annotated_pods,kube-system,kube-proxy-vgcbc,59aaecdd-e717-4c70-a506-b1c20e684995
2025-07-12 05:44:28,1,kube_pod_container_status_restarts_total,kube-proxy,10.244.1.4:8080,prometheus.scrape.annotated_pods,kube-system,kube-proxy-vgcbc,59aaecdd-e717-4c70-a506-b1c20e684995
2025-07-12 05:45:28,1,kube_pod_container_status_restarts_total,kube-proxy,10.244.1.4:8080,prometheus.scrape.annotated_pods,kube-system,kube-proxy-vgcbc,59aaecdd-e717-4c70-a506-b1c20e684995
2025-07-12 05:46:28,1,kube_pod_container_status_restarts_total,kube-proxy,10.244.1.4:8080,prometheus.scrape.annotated_pods,kube-system,kube-proxy-vgcbc,59aaecdd-e717-4c70-a506-b1c20e684995
2025-07-12 05:47:28,1,kube_pod_container_status_restarts_total,kube-proxy,10.244.1.4:8080,prometheus.scrape.annotated_pods,kube-system,kube-proxy-vgcbc,59aaecdd-e717-4c70-a506-b1c20e684995
2025-07-12 05:48:28,1,kube_pod_container_status_restarts_total,kube-proxy,10.244.1.4:8080,prometheus.scrape.annotated_pods,kube-system,kube-proxy-vgcbc,59aaecdd-e717-4c70-a506-b1c20e684995
2025-07-12 05:49:28,1,kube_pod_container_status_restarts_total,kube-proxy,10.244.1.4:8080,prometheus.scrape.annotated_pods,kube-system,kube-proxy-vgcbc,59aaecdd-e717-4c70-a506-b1c20e684995
2025-07-12 05:50:28,1,kube_pod_container_status_restarts_total,kube-proxy,10.244.1.4:8080,prometheus.scrape.annotated_pods,kube-system,kube-proxy-vgcbc,59aaecdd-e717-4c70-a506-b1c20e684995
2025-07-12 05:51:28,1,kube_pod_container_status_restarts_total,kube-proxy,10.244.1.4:8080,prometheus.scrape.annotated_pods,kube-system,kube-proxy-vgcbc,59aaecdd-e717-4c70-a506-b1c20e684995
2025-07-12 05:52:28,1,kube_pod_container_status_restarts_total,kube-proxy,10.244.1.4:8080,prometheus.scrape.annotated_pods,kube-system,kube-proxy-vgcbc,59aaecdd-e717-4c70-a506-b1c20e684995
2025-07-12 05:53:28,1,kube_pod_container_status_restarts_total,kube-proxy,10.244.1.4:8080,prometheus.scrape.annotated_pods,kube-system,kube-proxy-vgcbc,59aaecdd-e717-4c70-a506-b1c20e684995
2025-07-12 05:54:28,1,kube_pod_container_status_restarts_total,kube-proxy,10.244.1.4:8080,prometheus.scrape.annotated_pods,kube-system,kube-proxy-vgcbc,59aaecdd-e717-4c70-a506-b1c20e684995
2025-07-12 05:55:28,1,kube_pod_container_status_restarts_total,kube-proxy,10.244.1.4:8080,prometheus.scrape.annotated_pods,kube-system,kube-proxy-vgcbc,59aaecdd-e717-4c70-a506-b1c20e684995
2025-07-12 05:56:28,1,kube_pod_container_status_restarts_total,kube-proxy,10.244.1.4:8080,prometheus.scrape.annotated_pods,kube-system,kube-proxy-vgcbc,59aaecdd-e717-4c70-a506-b1c20e684995
2025-07-12 05:57:28,1,kube_pod_container_status_restarts_total,kube-proxy,10.244.1.4:8080,prometheus.scrape.annotated_pods,kube-system,kube-proxy-vgcbc,59aaecdd-e717-4c70-a506-b1c20e684995
2025-07-12 05:58:28,1,kube_pod_container_status_restarts_total,kube-proxy,10.244.1.4:8080,prometheus.scrape.annotated_pods,kube-system,kube-proxy-vgcbc,59aaecdd-e717-4c70-a506-b1c20e684995
2025-07-12 05:59:28,1,kube_pod_container_status_restarts_total,kube-proxy,10.244.1.4:8080,prometheus.scrape.annotated_pods,kube-system,kube-proxy-vgcbc,59aaecdd-e717-4c70-a506-b1c20e684995
2025-07-12 06:00:28,1,kube_pod_container_status_restarts_total,kube-proxy,10.244.1.4:8080,prometheus.scrape.annotated_pods,kube-system,kube-proxy-vgcbc,59aaecdd-e717-4c70-a506-b1c20e684995
2025-07-12 06:01:28,1,kube_pod_container_status_restarts_total,kube-proxy,10.244.1.4:8080,prometheus.scrape.annotated_pods,kube-system,kube-proxy-vgcbc,59aaecdd-e717-4c70-a506-b1c20e684995
2025-07-12 06:02:28,1,kube_pod_container_status_restarts_total,kube-proxy,10.244.1.4:8080,prometheus.scrape.annotated_pods,kube-system,kube-proxy-vgcbc,59aaecdd-e717-4c70-a506-b1c20e684995
2025-07-12 06:03:28,1,kube_pod_container_status_restarts_total,kube-proxy,10.244.1.4:8080,prometheus.scrape.annotated_pods,kube-system,kube-proxy-vgcbc,59aaecdd-e717-4c70-a506-b1c20e684995
2025-07-12 06:04:28,1,kube_pod_container_status_restarts_total,kube-proxy,10.244.1.4:8080,prometheus.scrape.annotated_pods,kube-system,kube-proxy-vgcbc,59aaecdd-e717-4c70-a506-b1c20e684995
2025-07-12 06:05:28,1,kube_pod_container_status_restarts_total,kube-proxy,10.244.1.4:8080,prometheus.scrape.annotated_pods,kube-system,kube-proxy-vgcbc,59aaecdd-e717-4c70-a506-b1c20e684995
2025-07-12 06:06:28,1,kube_pod_container_status_restarts_total,kube-proxy,10.244.1.4:8080,prometheus.scrape.annotated_pods,kube-system,kube-proxy-vgcbc,59aaecdd-e717-4c70-a506-b1c20e684995
2025-07-12 06:07:28,1,kube_pod_container_status_restarts_total,kube-proxy,10.244.1.4:8080,prometheus.scrape.annotated_pods,kube-system,kube-proxy-vgcbc,59aaecdd-e717-4c70-a506-b1c20e684995
2025-07-12 06:08:28,1,kube_pod_container_status_restarts_total,kube-proxy,10.244.1.4:8080,prometheus.scrape.annotated_pods,kube-system,kube-proxy-vgcbc,59aaecdd-e717-4c70-a506-b1c20e684995
2025-07-12 06:09:28,1,kube_pod_container_status_restarts_total,kube-proxy,10.244.1.4:8080,prometheus.scrape.annotated_pods,kube-system,kube-proxy-vgcbc,59aaecdd-e717-4c70-a506-b1c20e684995
2025-07-12 06:10:28,1,kube_pod_container_status_restarts_total,kube-proxy,10.244.1.4:8080,prometheus.scrape.annotated_pods,kube-system,kube-proxy-vgcbc,59aaecdd-e717-4c70-a506-b1c20e684995
2025-07-12 06:11:28,1,kube_pod_container_status_restarts_total,kube-proxy,10.244.1.4:8080,prometheus.scrape.annotated_pods,kube-system,kube-proxy-vgcbc,59aaecdd-e717-4c70-a506-b1c20e684995
2025-07-12 06:12:28,1,kube_pod_container_status_restarts_total,kube-proxy,10.244.1.4:8080,prometheus.scrape.annotated_pods,kube-system,kube-proxy-vgcbc,59aaecdd-e717-4c70-a506-b1c20e684995
2025-07-12 06:13:28,1,kube_pod_container_status_restarts_total,kube-proxy,10.244.1.4:8080,prometheus.scrape.annotated_pods,kube-system,kube-proxy-vgcbc,59aaecdd-e717-4c70-a506-b1c20e684995
2025-07-12 05:30:28,0,kube_pod_container_status_restarts_total,kube-proxy,kube-state-metrics.nimbusguard.svc:8080,prometheus.scrape.kube_state_metrics,kube-system,kube-proxy-gcgpc,cd4e080b-c497-4838-b07f-08571a2a6393
2025-07-12 05:31:28,0,kube_pod_container_status_restarts_total,kube-proxy,kube-state-metrics.nimbusguard.svc:8080,prometheus.scrape.kube_state_metrics,kube-system,kube-proxy-gcgpc,cd4e080b-c497-4838-b07f-08571a2a6393
2025-07-12 05:32:28,0,kube_pod_container_status_restarts_total,kube-proxy,kube-state-metrics.nimbusguard.svc:8080,prometheus.scrape.kube_state_metrics,kube-system,kube-proxy-gcgpc,cd4e080b-c497-4838-b07f-08571a2a6393
2025-07-12 05:33:28,0,kube_pod_container_status_restarts_total,kube-proxy,kube-state-metrics.nimbusguard.svc:8080,prometheus.scrape.kube_state_metrics,kube-system,kube-proxy-gcgpc,cd4e080b-c497-4838-b07f-08571a2a6393
2025-07-12 05:34:28,0,kube_pod_container_status_restarts_total,kube-proxy,kube-state-metrics.nimbusguard.svc:8080,prometheus.scrape.kube_state_metrics,kube-system,kube-proxy-gcgpc,cd4e080b-c497-4838-b07f-08571a2a6393
2025-07-12 05:35:28,0,kube_pod_container_status_restarts_total,kube-proxy,kube-state-metrics.nimbusguard.svc:8080,prometheus.scrape.kube_state_metrics,kube-system,kube-proxy-gcgpc,cd4e080b-c497-4838-b07f-08571a2a6393
2025-07-12 05:36:28,0,kube_pod_container_status_restarts_total,kube-proxy,kube-state-metrics.nimbusguard.svc:8080,prometheus.scrape.kube_state_metrics,kube-system,kube-proxy-gcgpc,cd4e080b-c497-4838-b07f-08571a2a6393
2025-07-12 05:37:28,0,kube_pod_container_status_restarts_total,kube-proxy,kube-state-metrics.nimbusguard.svc:8080,prometheus.scrape.kube_state_metrics,kube-system,kube-proxy-gcgpc,cd4e080b-c497-4838-b07f-08571a2a6393
2025-07-12 05:38:28,0,kube_pod_container_status_restarts_total,kube-proxy,kube-state-metrics.nimbusguard.svc:8080,prometheus.scrape.kube_state_metrics,kube-system,kube-proxy-gcgpc,cd4e080b-c497-4838-b07f-08571a2a6393
2025-07-12 05:39:28,0,kube_pod_container_status_restarts_total,kube-proxy,kube-state-metrics.nimbusguard.svc:8080,prometheus.scrape.kube_state_metrics,kube-system,kube-proxy-gcgpc,cd4e080b-c497-4838-b07f-08571a2a6393
2025-07-12 05:40:28,0,kube_pod_container_status_restarts_total,kube-proxy,kube-state-metrics.nimbusguard.svc:8080,prometheus.scrape.kube_state_metrics,kube-system,kube-proxy-gcgpc,cd4e080b-c497-4838-b07f-08571a2a6393
2025-07-12 05:41:28,0,kube_pod_container_status_restarts_total,kube-proxy,kube-state-metrics.nimbusguard.svc:8080,prometheus.scrape.kube_state_metrics,kube-system,kube-proxy-gcgpc,cd4e080b-c497-4838-b07f-08571a2a6393
2025-07-12 05:42:28,0,kube_pod_container_status_restarts_total,kube-proxy,kube-state-metrics.nimbusguard.svc:8080,prometheus.scrape.kube_state_metrics,kube-system,kube-proxy-gcgpc,cd4e080b-c497-4838-b07f-08571a2a6393
2025-07-12 05:43:28,0,kube_pod_container_status_restarts_total,kube-proxy,kube-state-metrics.nimbusguard.svc:8080,prometheus.scrape.kube_state_metrics,kube-system,kube-proxy-gcgpc,cd4e080b-c497-4838-b07f-08571a2a6393
2025-07-12 05:44:28,0,kube_pod_container_status_restarts_total,kube-proxy,kube-state-metrics.nimbusguard.svc:8080,prometheus.scrape.kube_state_metrics,kube-system,kube-proxy-gcgpc,cd4e080b-c497-4838-b07f-08571a2a6393
2025-07-12 05:45:28,0,kube_pod_container_status_restarts_total,kube-proxy,kube-state-metrics.nimbusguard.svc:8080,prometheus.scrape.kube_state_metrics,kube-system,kube-proxy-gcgpc,cd4e080b-c497-4838-b07f-08571a2a6393
2025-07-12 05:46:28,0,kube_pod_container_status_restarts_total,kube-proxy,kube-state-metrics.nimbusguard.svc:8080,prometheus.scrape.kube_state_metrics,kube-system,kube-proxy-gcgpc,cd4e080b-c497-4838-b07f-08571a2a6393
2025-07-12 05:47:28,0,kube_pod_container_status_restarts_total,kube-proxy,kube-state-metrics.nimbusguard.svc:8080,prometheus.scrape.kube_state_metrics,kube-system,kube-proxy-gcgpc,cd4e080b-c497-4838-b07f-08571a2a6393
2025-07-12 05:48:28,0,kube_pod_container_status_restarts_total,kube-proxy,kube-state-metrics.nimbusguard.svc:8080,prometheus.scrape.kube_state_metrics,kube-system,kube-proxy-gcgpc,cd4e080b-c497-4838-b07f-08571a2a6393
2025-07-12 05:49:28,0,kube_pod_container_status_restarts_total,kube-proxy,kube-state-metrics.nimbusguard.svc:8080,prometheus.scrape.kube_state_metrics,kube-system,kube-proxy-gcgpc,cd4e080b-c497-4838-b07f-08571a2a6393
2025-07-12 05:50:28,0,kube_pod_container_status_restarts_total,kube-proxy,kube-state-metrics.nimbusguard.svc:8080,prometheus.scrape.kube_state_metrics,kube-system,kube-proxy-gcgpc,cd4e080b-c497-4838-b07f-08571a2a6393
2025-07-12 05:51:28,0,kube_pod_container_status_restarts_total,kube-proxy,kube-state-metrics.nimbusguard.svc:8080,prometheus.scrape.kube_state_metrics,kube-system,kube-proxy-gcgpc,cd4e080b-c497-4838-b07f-08571a2a6393
2025-07-12 05:52:28,0,kube_pod_container_status_restarts_total,kube-proxy,kube-state-metrics.nimbusguard.svc:8080,prometheus.scrape.kube_state_metrics,kube-system,kube-proxy-gcgpc,cd4e080b-c497-4838-b07f-08571a2a6393
2025-07-12 05:53:28,0,kube_pod_container_status_restarts_total,kube-proxy,kube-state-metrics.nimbusguard.svc:8080,prometheus.scrape.kube_state_metrics,kube-system,kube-proxy-gcgpc,cd4e080b-c497-4838-b07f-08571a2a6393
2025-07-12 05:54:28,0,kube_pod_container_status_restarts_total,kube-proxy,kube-state-metrics.nimbusguard.svc:8080,prometheus.scrape.kube_state_metrics,kube-system,kube-proxy-gcgpc,cd4e080b-c497-4838-b07f-08571a2a6393
2025-07-12 05:55:28,0,kube_pod_container_status_restarts_total,kube-proxy,kube-state-metrics.nimbusguard.svc:8080,prometheus.scrape.kube_state_metrics,kube-system,kube-proxy-gcgpc,cd4e080b-c497-4838-b07f-08571a2a6393
2025-07-12 05:56:28,0,kube_pod_container_status_restarts_total,kube-proxy,kube-state-metrics.nimbusguard.svc:8080,prometheus.scrape.kube_state_metrics,kube-system,kube-proxy-gcgpc,cd4e080b-c497-4838-b07f-08571a2a6393
2025-07-12 05:57:28,0,kube_pod_container_status_restarts_total,kube-proxy,kube-state-metrics.nimbusguard.svc:8080,prometheus.scrape.kube_state_metrics,kube-system,kube-proxy-gcgpc,cd4e080b-c497-4838-b07f-08571a2a6393
2025-07-12 05:58:28,0,kube_pod_container_status_restarts_total,kube-proxy,kube-state-metrics.nimbusguard.svc:8080,prometheus.scrape.kube_state_metrics,kube-system,kube-proxy-gcgpc,cd4e080b-c497-4838-b07f-08571a2a6393
2025-07-12 05:59:28,0,kube_pod_container_status_restarts_total,kube-proxy,kube-state-metrics.nimbusguard.svc:8080,prometheus.scrape.kube_state_metrics,kube-system,kube-proxy-gcgpc,cd4e080b-c497-4838-b07f-08571a2a6393
2025-07-12 06:00:28,0,kube_pod_container_status_restarts_total,kube-proxy,kube-state-metrics.nimbusguard.svc:8080,prometheus.scrape.kube_state_metrics,kube-system,kube-proxy-gcgpc,cd4e080b-c497-4838-b07f-08571a2a6393
2025-07-12 06:01:28,0,kube_pod_container_status_restarts_total,kube-proxy,kube-state-metrics.nimbusguard.svc:8080,prometheus.scrape.kube_state_metrics,kube-system,kube-proxy-gcgpc,cd4e080b-c497-4838-b07f-08571a2a6393
2025-07-12 06:02:28,0,kube_pod_container_status_restarts_total,kube-proxy,kube-state-metrics.nimbusguard.svc:8080,prometheus.scrape.kube_state_metrics,kube-system,kube-proxy-gcgpc,cd4e080b-c497-4838-b07f-08571a2a6393
2025-07-12 06:03:28,0,kube_pod_container_status_restarts_total,kube-proxy,kube-state-metrics.nimbusguard.svc:8080,prometheus.scrape.kube_state_metrics,kube-system,kube-proxy-gcgpc,cd4e080b-c497-4838-b07f-08571a2a6393
2025-07-12 06:04:28,0,kube_pod_container_status_restarts_total,kube-proxy,kube-state-metrics.nimbusguard.svc:8080,prometheus.scrape.kube_state_metrics,kube-system,kube-proxy-gcgpc,cd4e080b-c497-4838-b07f-08571a2a6393
2025-07-12 06:05:28,0,kube_pod_container_status_restarts_total,kube-proxy,kube-state-metrics.nimbusguard.svc:8080,prometheus.scrape.kube_state_metrics,kube-system,kube-proxy-gcgpc,cd4e080b-c497-4838-b07f-08571a2a6393
2025-07-12 06:06:28,0,kube_pod_container_status_restarts_total,kube-proxy,kube-state-metrics.nimbusguard.svc:8080,prometheus.scrape.kube_state_metrics,kube-system,kube-proxy-gcgpc,cd4e080b-c497-4838-b07f-08571a2a6393
2025-07-12 06:07:28,0,kube_pod_container_status_restarts_total,kube-proxy,kube-state-metrics.nimbusguard.svc:8080,prometheus.scrape.kube_state_metrics,kube-system,kube-proxy-gcgpc,cd4e080b-c497-4838-b07f-08571a2a6393
2025-07-12 06:08:28,0,kube_pod_container_status_restarts_total,kube-proxy,kube-state-metrics.nimbusguard.svc:8080,prometheus.scrape.kube_state_metrics,kube-system,kube-proxy-gcgpc,cd4e080b-c497-4838-b07f-08571a2a6393
2025-07-12 06:09:28,0,kube_pod_container_status_restarts_total,kube-proxy,kube-state-metrics.nimbusguard.svc:8080,prometheus.scrape.kube_state_metrics,kube-system,kube-proxy-gcgpc,cd4e080b-c497-4838-b07f-08571a2a6393
2025-07-12 06:10:28,0,kube_pod_container_status_restarts_total,kube-proxy,kube-state-metrics.nimbusguard.svc:8080,prometheus.scrape.kube_state_metrics,kube-system,kube-proxy-gcgpc,cd4e080b-c497-4838-b07f-08571a2a6393
2025-07-12 06:11:28,0,kube_pod_container_status_restarts_total,kube-proxy,kube-state-metrics.nimbusguard.svc:8080,prometheus.scrape.kube_state_metrics,kube-system,kube-proxy-gcgpc,cd4e080b-c497-4838-b07f-08571a2a6393
2025-07-12 06:12:28,0,kube_pod_container_status_restarts_total,kube-proxy,kube-state-metrics.nimbusguard.svc:8080,prometheus.scrape.kube_state_metrics,kube-system,kube-proxy-gcgpc,cd4e080b-c497-4838-b07f-08571a2a6393
2025-07-12 06:13:28,0,kube_pod_container_status_restarts_total,kube-proxy,kube-state-metrics.nimbusguard.svc:8080,prometheus.scrape.kube_state_metrics,kube-system,kube-proxy-gcgpc,cd4e080b-c497-4838-b07f-08571a2a6393
2025-07-12 05:30:28,0,kube_pod_container_status_restarts_total,kube-proxy,kube-state-metrics.nimbusguard.svc:8080,prometheus.scrape.kube_state_metrics,kube-system,kube-proxy-npcbk,8c0e17cb-bfc3-4e96-a1f6-ef2a00c15a8c
2025-07-12 05:31:28,0,kube_pod_container_status_restarts_total,kube-proxy,kube-state-metrics.nimbusguard.svc:8080,prometheus.scrape.kube_state_metrics,kube-system,kube-proxy-npcbk,8c0e17cb-bfc3-4e96-a1f6-ef2a00c15a8c
2025-07-12 05:32:28,0,kube_pod_container_status_restarts_total,kube-proxy,kube-state-metrics.nimbusguard.svc:8080,prometheus.scrape.kube_state_metrics,kube-system,kube-proxy-npcbk,8c0e17cb-bfc3-4e96-a1f6-ef2a00c15a8c
2025-07-12 05:33:28,0,kube_pod_container_status_restarts_total,kube-proxy,kube-state-metrics.nimbusguard.svc:8080,prometheus.scrape.kube_state_metrics,kube-system,kube-proxy-npcbk,8c0e17cb-bfc3-4e96-a1f6-ef2a00c15a8c
2025-07-12 05:34:28,0,kube_pod_container_status_restarts_total,kube-proxy,kube-state-metrics.nimbusguard.svc:8080,prometheus.scrape.kube_state_metrics,kube-system,kube-proxy-npcbk,8c0e17cb-bfc3-4e96-a1f6-ef2a00c15a8c
2025-07-12 05:35:28,0,kube_pod_container_status_restarts_total,kube-proxy,kube-state-metrics.nimbusguard.svc:8080,prometheus.scrape.kube_state_metrics,kube-system,kube-proxy-npcbk,8c0e17cb-bfc3-4e96-a1f6-ef2a00c15a8c
2025-07-12 05:36:28,0,kube_pod_container_status_restarts_total,kube-proxy,kube-state-metrics.nimbusguard.svc:8080,prometheus.scrape.kube_state_metrics,kube-system,kube-proxy-npcbk,8c0e17cb-bfc3-4e96-a1f6-ef2a00c15a8c
2025-07-12 05:37:28,0,kube_pod_container_status_restarts_total,kube-proxy,kube-state-metrics.nimbusguard.svc:8080,prometheus.scrape.kube_state_metrics,kube-system,kube-proxy-npcbk,8c0e17cb-bfc3-4e96-a1f6-ef2a00c15a8c
2025-07-12 05:38:28,0,kube_pod_container_status_restarts_total,kube-proxy,kube-state-metrics.nimbusguard.svc:8080,prometheus.scrape.kube_state_metrics,kube-system,kube-proxy-npcbk,8c0e17cb-bfc3-4e96-a1f6-ef2a00c15a8c
2025-07-12 05:39:28,0,kube_pod_container_status_restarts_total,kube-proxy,kube-state-metrics.nimbusguard.svc:8080,prometheus.scrape.kube_state_metrics,kube-system,kube-proxy-npcbk,8c0e17cb-bfc3-4e96-a1f6-ef2a00c15a8c
2025-07-12 05:40:28,0,kube_pod_container_status_restarts_total,kube-proxy,kube-state-metrics.nimbusguard.svc:8080,prometheus.scrape.kube_state_metrics,kube-system,kube-proxy-npcbk,8c0e17cb-bfc3-4e96-a1f6-ef2a00c15a8c
2025-07-12 05:41:28,0,kube_pod_container_status_restarts_total,kube-proxy,kube-state-metrics.nimbusguard.svc:8080,prometheus.scrape.kube_state_metrics,kube-system,kube-proxy-npcbk,8c0e17cb-bfc3-4e96-a1f6-ef2a00c15a8c
2025-07-12 05:42:28,0,kube_pod_container_status_restarts_total,kube-proxy,kube-state-metrics.nimbusguard.svc:8080,prometheus.scrape.kube_state_metrics,kube-system,kube-proxy-npcbk,8c0e17cb-bfc3-4e96-a1f6-ef2a00c15a8c
2025-07-12 05:43:28,0,kube_pod_container_status_restarts_total,kube-proxy,kube-state-metrics.nimbusguard.svc:8080,prometheus.scrape.kube_state_metrics,kube-system,kube-proxy-npcbk,8c0e17cb-bfc3-4e96-a1f6-ef2a00c15a8c
2025-07-12 05:44:28,0,kube_pod_container_status_restarts_total,kube-proxy,kube-state-metrics.nimbusguard.svc:8080,prometheus.scrape.kube_state_metrics,kube-system,kube-proxy-npcbk,8c0e17cb-bfc3-4e96-a1f6-ef2a00c15a8c
2025-07-12 05:45:28,0,kube_pod_container_status_restarts_total,kube-proxy,kube-state-metrics.nimbusguard.svc:8080,prometheus.scrape.kube_state_metrics,kube-system,kube-proxy-npcbk,8c0e17cb-bfc3-4e96-a1f6-ef2a00c15a8c
2025-07-12 05:46:28,0,kube_pod_container_status_restarts_total,kube-proxy,kube-state-metrics.nimbusguard.svc:8080,prometheus.scrape.kube_state_metrics,kube-system,kube-proxy-npcbk,8c0e17cb-bfc3-4e96-a1f6-ef2a00c15a8c
2025-07-12 05:47:28,0,kube_pod_container_status_restarts_total,kube-proxy,kube-state-metrics.nimbusguard.svc:8080,prometheus.scrape.kube_state_metrics,kube-system,kube-proxy-npcbk,8c0e17cb-bfc3-4e96-a1f6-ef2a00c15a8c
2025-07-12 05:48:28,0,kube_pod_container_status_restarts_total,kube-proxy,kube-state-metrics.nimbusguard.svc:8080,prometheus.scrape.kube_state_metrics,kube-system,kube-proxy-npcbk,8c0e17cb-bfc3-4e96-a1f6-ef2a00c15a8c
2025-07-12 05:49:28,0,kube_pod_container_status_restarts_total,kube-proxy,kube-state-metrics.nimbusguard.svc:8080,prometheus.scrape.kube_state_metrics,kube-system,kube-proxy-npcbk,8c0e17cb-bfc3-4e96-a1f6-ef2a00c15a8c
2025-07-12 05:50:28,0,kube_pod_container_status_restarts_total,kube-proxy,kube-state-metrics.nimbusguard.svc:8080,prometheus.scrape.kube_state_metrics,kube-system,kube-proxy-npcbk,8c0e17cb-bfc3-4e96-a1f6-ef2a00c15a8c
2025-07-12 05:51:28,0,kube_pod_container_status_restarts_total,kube-proxy,kube-state-metrics.nimbusguard.svc:8080,prometheus.scrape.kube_state_metrics,kube-system,kube-proxy-npcbk,8c0e17cb-bfc3-4e96-a1f6-ef2a00c15a8c
2025-07-12 05:52:28,0,kube_pod_container_status_restarts_total,kube-proxy,kube-state-metrics.nimbusguard.svc:8080,prometheus.scrape.kube_state_metrics,kube-system,kube-proxy-npcbk,8c0e17cb-bfc3-4e96-a1f6-ef2a00c15a8c
2025-07-12 05:53:28,0,kube_pod_container_status_restarts_total,kube-proxy,kube-state-metrics.nimbusguard.svc:8080,prometheus.scrape.kube_state_metrics,kube-system,kube-proxy-npcbk,8c0e17cb-bfc3-4e96-a1f6-ef2a00c15a8c
2025-07-12 05:54:28,0,kube_pod_container_status_restarts_total,kube-proxy,kube-state-metrics.nimbusguard.svc:8080,prometheus.scrape.kube_state_metrics,kube-system,kube-proxy-npcbk,8c0e17cb-bfc3-4e96-a1f6-ef2a00c15a8c
2025-07-12 05:55:28,0,kube_pod_container_status_restarts_total,kube-proxy,kube-state-metrics.nimbusguard.svc:8080,prometheus.scrape.kube_state_metrics,kube-system,kube-proxy-npcbk,8c0e17cb-bfc3-4e96-a1f6-ef2a00c15a8c
2025-07-12 05:56:28,0,kube_pod_container_status_restarts_total,kube-proxy,kube-state-metrics.nimbusguard.svc:8080,prometheus.scrape.kube_state_metrics,kube-system,kube-proxy-npcbk,8c0e17cb-bfc3-4e96-a1f6-ef2a00c15a8c
2025-07-12 05:57:28,0,kube_pod_container_status_restarts_total,kube-proxy,kube-state-metrics.nimbusguard.svc:8080,prometheus.scrape.kube_state_metrics,kube-system,kube-proxy-npcbk,8c0e17cb-bfc3-4e96-a1f6-ef2a00c15a8c
2025-07-12 05:58:28,0,kube_pod_container_status_restarts_total,kube-proxy,kube-state-metrics.nimbusguard.svc:8080,prometheus.scrape.kube_state_metrics,kube-system,kube-proxy-npcbk,8c0e17cb-bfc3-4e96-a1f6-ef2a00c15a8c
2025-07-12 05:59:28,0,kube_pod_container_status_restarts_total,kube-proxy,kube-state-metrics.nimbusguard.svc:8080,prometheus.scrape.kube_state_metrics,kube-system,kube-proxy-npcbk,8c0e17cb-bfc3-4e96-a1f6-ef2a00c15a8c
2025-07-12 06:00:28,0,kube_pod_container_status_restarts_total,kube-proxy,kube-state-metrics.nimbusguard.svc:8080,prometheus.scrape.kube_state_metrics,kube-system,kube-proxy-npcbk,8c0e17cb-bfc3-4e96-a1f6-ef2a00c15a8c
2025-07-12 06:01:28,0,kube_pod_container_status_restarts_total,kube-proxy,kube-state-metrics.nimbusguard.svc:8080,prometheus.scrape.kube_state_metrics,kube-system,kube-proxy-npcbk,8c0e17cb-bfc3-4e96-a1f6-ef2a00c15a8c
2025-07-12 06:02:28,0,kube_pod_container_status_restarts_total,kube-proxy,kube-state-metrics.nimbusguard.svc:8080,prometheus.scrape.kube_state_metrics,kube-system,kube-proxy-npcbk,8c0e17cb-bfc3-4e96-a1f6-ef2a00c15a8c
2025-07-12 06:03:28,0,kube_pod_container_status_restarts_total,kube-proxy,kube-state-metrics.nimbusguard.svc:8080,prometheus.scrape.kube_state_metrics,kube-system,kube-proxy-npcbk,8c0e17cb-bfc3-4e96-a1f6-ef2a00c15a8c
2025-07-12 06:04:28,0,kube_pod_container_status_restarts_total,kube-proxy,kube-state-metrics.nimbusguard.svc:8080,prometheus.scrape.kube_state_metrics,kube-system,kube-proxy-npcbk,8c0e17cb-bfc3-4e96-a1f6-ef2a00c15a8c
2025-07-12 06:05:28,0,kube_pod_container_status_restarts_total,kube-proxy,kube-state-metrics.nimbusguard.svc:8080,prometheus.scrape.kube_state_metrics,kube-system,kube-proxy-npcbk,8c0e17cb-bfc3-4e96-a1f6-ef2a00c15a8c
2025-07-12 06:06:28,0,kube_pod_container_status_restarts_total,kube-proxy,kube-state-metrics.nimbusguard.svc:8080,prometheus.scrape.kube_state_metrics,kube-system,kube-proxy-npcbk,8c0e17cb-bfc3-4e96-a1f6-ef2a00c15a8c
2025-07-12 06:07:28,0,kube_pod_container_status_restarts_total,kube-proxy,kube-state-metrics.nimbusguard.svc:8080,prometheus.scrape.kube_state_metrics,kube-system,kube-proxy-npcbk,8c0e17cb-bfc3-4e96-a1f6-ef2a00c15a8c
2025-07-12 06:08:28,0,kube_pod_container_status_restarts_total,kube-proxy,kube-state-metrics.nimbusguard.svc:8080,prometheus.scrape.kube_state_metrics,kube-system,kube-proxy-npcbk,8c0e17cb-bfc3-4e96-a1f6-ef2a00c15a8c
2025-07-12 06:09:28,0,kube_pod_container_status_restarts_total,kube-proxy,kube-state-metrics.nimbusguard.svc:8080,prometheus.scrape.kube_state_metrics,kube-system,kube-proxy-npcbk,8c0e17cb-bfc3-4e96-a1f6-ef2a00c15a8c
2025-07-12 06:10:28,0,kube_pod_container_status_restarts_total,kube-proxy,kube-state-metrics.nimbusguard.svc:8080,prometheus.scrape.kube_state_metrics,kube-system,kube-proxy-npcbk,8c0e17cb-bfc3-4e96-a1f6-ef2a00c15a8c
2025-07-12 06:11:28,0,kube_pod_container_status_restarts_total,kube-proxy,kube-state-metrics.nimbusguard.svc:8080,prometheus.scrape.kube_state_metrics,kube-system,kube-proxy-npcbk,8c0e17cb-bfc3-4e96-a1f6-ef2a00c15a8c
2025-07-12 06:12:28,0,kube_pod_container_status_restarts_total,kube-proxy,kube-state-metrics.nimbusguard.svc:8080,prometheus.scrape.kube_state_metrics,kube-system,kube-proxy-npcbk,8c0e17cb-bfc3-4e96-a1f6-ef2a00c15a8c
2025-07-12 06:13:28,0,kube_pod_container_status_restarts_total,kube-proxy,kube-state-metrics.nimbusguard.svc:8080,prometheus.scrape.kube_state_metrics,kube-system,kube-proxy-npcbk,8c0e17cb-bfc3-4e96-a1f6-ef2a00c15a8c
2025-07-12 05:30:28,1,kube_pod_container_status_restarts_total,kube-proxy,kube-state-metrics.nimbusguard.svc:8080,prometheus.scrape.kube_state_metrics,kube-system,kube-proxy-vgcbc,59aaecdd-e717-4c70-a506-b1c20e684995
2025-07-12 05:31:28,1,kube_pod_container_status_restarts_total,kube-proxy,kube-state-metrics.nimbusguard.svc:8080,prometheus.scrape.kube_state_metrics,kube-system,kube-proxy-vgcbc,59aaecdd-e717-4c70-a506-b1c20e684995
2025-07-12 05:32:28,1,kube_pod_container_status_restarts_total,kube-proxy,kube-state-metrics.nimbusguard.svc:8080,prometheus.scrape.kube_state_metrics,kube-system,kube-proxy-vgcbc,59aaecdd-e717-4c70-a506-b1c20e684995
2025-07-12 05:33:28,1,kube_pod_container_status_restarts_total,kube-proxy,kube-state-metrics.nimbusguard.svc:8080,prometheus.scrape.kube_state_metrics,kube-system,kube-proxy-vgcbc,59aaecdd-e717-4c70-a506-b1c20e684995
2025-07-12 05:34:28,1,kube_pod_container_status_restarts_total,kube-proxy,kube-state-metrics.nimbusguard.svc:8080,prometheus.scrape.kube_state_metrics,kube-system,kube-proxy-vgcbc,59aaecdd-e717-4c70-a506-b1c20e684995
2025-07-12 05:35:28,1,kube_pod_container_status_restarts_total,kube-proxy,kube-state-metrics.nimbusguard.svc:8080,prometheus.scrape.kube_state_metrics,kube-system,kube-proxy-vgcbc,59aaecdd-e717-4c70-a506-b1c20e684995
2025-07-12 05:36:28,1,kube_pod_container_status_restarts_total,kube-proxy,kube-state-metrics.nimbusguard.svc:8080,prometheus.scrape.kube_state_metrics,kube-system,kube-proxy-vgcbc,59aaecdd-e717-4c70-a506-b1c20e684995
2025-07-12 05:37:28,1,kube_pod_container_status_restarts_total,kube-proxy,kube-state-metrics.nimbusguard.svc:8080,prometheus.scrape.kube_state_metrics,kube-system,kube-proxy-vgcbc,59aaecdd-e717-4c70-a506-b1c20e684995
2025-07-12 05:38:28,1,kube_pod_container_status_restarts_total,kube-proxy,kube-state-metrics.nimbusguard.svc:8080,prometheus.scrape.kube_state_metrics,kube-system,kube-proxy-vgcbc,59aaecdd-e717-4c70-a506-b1c20e684995
2025-07-12 05:39:28,1,kube_pod_container_status_restarts_total,kube-proxy,kube-state-metrics.nimbusguard.svc:8080,prometheus.scrape.kube_state_metrics,kube-system,kube-proxy-vgcbc,59aaecdd-e717-4c70-a506-b1c20e684995
2025-07-12 05:40:28,1,kube_pod_container_status_restarts_total,kube-proxy,kube-state-metrics.nimbusguard.svc:8080,prometheus.scrape.kube_state_metrics,kube-system,kube-proxy-vgcbc,59aaecdd-e717-4c70-a506-b1c20e684995
2025-07-12 05:41:28,1,kube_pod_container_status_restarts_total,kube-proxy,kube-state-metrics.nimbusguard.svc:8080,prometheus.scrape.kube_state_metrics,kube-system,kube-proxy-vgcbc,59aaecdd-e717-4c70-a506-b1c20e684995
2025-07-12 05:42:28,1,kube_pod_container_status_restarts_total,kube-proxy,kube-state-metrics.nimbusguard.svc:8080,prometheus.scrape.kube_state_metrics,kube-system,kube-proxy-vgcbc,59aaecdd-e717-4c70-a506-b1c20e684995
2025-07-12 05:43:28,1,kube_pod_container_status_restarts_total,kube-proxy,kube-state-metrics.nimbusguard.svc:8080,prometheus.scrape.kube_state_metrics,kube-system,kube-proxy-vgcbc,59aaecdd-e717-4c70-a506-b1c20e684995
2025-07-12 05:44:28,1,kube_pod_container_status_restarts_total,kube-proxy,kube-state-metrics.nimbusguard.svc:8080,prometheus.scrape.kube_state_metrics,kube-system,kube-proxy-vgcbc,59aaecdd-e717-4c70-a506-b1c20e684995
2025-07-12 05:45:28,1,kube_pod_container_status_restarts_total,kube-proxy,kube-state-metrics.nimbusguard.svc:8080,prometheus.scrape.kube_state_metrics,kube-system,kube-proxy-vgcbc,59aaecdd-e717-4c70-a506-b1c20e684995
2025-07-12 05:46:28,1,kube_pod_container_status_restarts_total,kube-proxy,kube-state-metrics.nimbusguard.svc:8080,prometheus.scrape.kube_state_metrics,kube-system,kube-proxy-vgcbc,59aaecdd-e717-4c70-a506-b1c20e684995
2025-07-12 05:47:28,1,kube_pod_container_status_restarts_total,kube-proxy,kube-state-metrics.nimbusguard.svc:8080,prometheus.scrape.kube_state_metrics,kube-system,kube-proxy-vgcbc,59aaecdd-e717-4c70-a506-b1c20e684995
2025-07-12 05:48:28,1,kube_pod_container_status_restarts_total,kube-proxy,kube-state-metrics.nimbusguard.svc:8080,prometheus.scrape.kube_state_metrics,kube-system,kube-proxy-vgcbc,59aaecdd-e717-4c70-a506-b1c20e684995
2025-07-12 05:49:28,1,kube_pod_container_status_restarts_total,kube-proxy,kube-state-metrics.nimbusguard.svc:8080,prometheus.scrape.kube_state_metrics,kube-system,kube-proxy-vgcbc,59aaecdd-e717-4c70-a506-b1c20e684995
2025-07-12 05:50:28,1,kube_pod_container_status_restarts_total,kube-proxy,kube-state-metrics.nimbusguard.svc:8080,prometheus.scrape.kube_state_metrics,kube-system,kube-proxy-vgcbc,59aaecdd-e717-4c70-a506-b1c20e684995
2025-07-12 05:51:28,1,kube_pod_container_status_restarts_total,kube-proxy,kube-state-metrics.nimbusguard.svc:8080,prometheus.scrape.kube_state_metrics,kube-system,kube-proxy-vgcbc,59aaecdd-e717-4c70-a506-b1c20e684995
2025-07-12 05:52:28,1,kube_pod_container_status_restarts_total,kube-proxy,kube-state-metrics.nimbusguard.svc:8080,prometheus.scrape.kube_state_metrics,kube-system,kube-proxy-vgcbc,59aaecdd-e717-4c70-a506-b1c20e684995
2025-07-12 05:53:28,1,kube_pod_container_status_restarts_total,kube-proxy,kube-state-metrics.nimbusguard.svc:8080,prometheus.scrape.kube_state_metrics,kube-system,kube-proxy-vgcbc,59aaecdd-e717-4c70-a506-b1c20e684995
2025-07-12 05:54:28,1,kube_pod_container_status_restarts_total,kube-proxy,kube-state-metrics.nimbusguard.svc:8080,prometheus.scrape.kube_state_metrics,kube-system,kube-proxy-vgcbc,59aaecdd-e717-4c70-a506-b1c20e684995
2025-07-12 05:55:28,1,kube_pod_container_status_restarts_total,kube-proxy,kube-state-metrics.nimbusguard.svc:8080,prometheus.scrape.kube_state_metrics,kube-system,kube-proxy-vgcbc,59aaecdd-e717-4c70-a506-b1c20e684995
2025-07-12 05:56:28,1,kube_pod_container_status_restarts_total,kube-proxy,kube-state-metrics.nimbusguard.svc:8080,prometheus.scrape.kube_state_metrics,kube-system,kube-proxy-vgcbc,59aaecdd-e717-4c70-a506-b1c20e684995
2025-07-12 05:57:28,1,kube_pod_container_status_restarts_total,kube-proxy,kube-state-metrics.nimbusguard.svc:8080,prometheus.scrape.kube_state_metrics,kube-system,kube-proxy-vgcbc,59aaecdd-e717-4c70-a506-b1c20e684995
2025-07-12 05:58:28,1,kube_pod_container_status_restarts_total,kube-proxy,kube-state-metrics.nimbusguard.svc:8080,prometheus.scrape.kube_state_metrics,kube-system,kube-proxy-vgcbc,59aaecdd-e717-4c70-a506-b1c20e684995
2025-07-12 05:59:28,1,kube_pod_container_status_restarts_total,kube-proxy,kube-state-metrics.nimbusguard.svc:8080,prometheus.scrape.kube_state_metrics,kube-system,kube-proxy-vgcbc,59aaecdd-e717-4c70-a506-b1c20e684995
2025-07-12 06:00:28,1,kube_pod_container_status_restarts_total,kube-proxy,kube-state-metrics.nimbusguard.svc:8080,prometheus.scrape.kube_state_metrics,kube-system,kube-proxy-vgcbc,59aaecdd-e717-4c70-a506-b1c20e684995
2025-07-12 06:01:28,1,kube_pod_container_status_restarts_total,kube-proxy,kube-state-metrics.nimbusguard.svc:8080,prometheus.scrape.kube_state_metrics,kube-system,kube-proxy-vgcbc,59aaecdd-e717-4c70-a506-b1c20e684995
2025-07-12 06:02:28,1,kube_pod_container_status_restarts_total,kube-proxy,kube-state-metrics.nimbusguard.svc:8080,prometheus.scrape.kube_state_metrics,kube-system,kube-proxy-vgcbc,59aaecdd-e717-4c70-a506-b1c20e684995
2025-07-12 06:03:28,1,kube_pod_container_status_restarts_total,kube-proxy,kube-state-metrics.nimbusguard.svc:8080,prometheus.scrape.kube_state_metrics,kube-system,kube-proxy-vgcbc,59aaecdd-e717-4c70-a506-b1c20e684995
2025-07-12 06:04:28,1,kube_pod_container_status_restarts_total,kube-proxy,kube-state-metrics.nimbusguard.svc:8080,prometheus.scrape.kube_state_metrics,kube-system,kube-proxy-vgcbc,59aaecdd-e717-4c70-a506-b1c20e684995
2025-07-12 06:05:28,1,kube_pod_container_status_restarts_total,kube-proxy,kube-state-metrics.nimbusguard.svc:8080,prometheus.scrape.kube_state_metrics,kube-system,kube-proxy-vgcbc,59aaecdd-e717-4c70-a506-b1c20e684995
2025-07-12 06:06:28,1,kube_pod_container_status_restarts_total,kube-proxy,kube-state-metrics.nimbusguard.svc:8080,prometheus.scrape.kube_state_metrics,kube-system,kube-proxy-vgcbc,59aaecdd-e717-4c70-a506-b1c20e684995
2025-07-12 06:07:28,1,kube_pod_container_status_restarts_total,kube-proxy,kube-state-metrics.nimbusguard.svc:8080,prometheus.scrape.kube_state_metrics,kube-system,kube-proxy-vgcbc,59aaecdd-e717-4c70-a506-b1c20e684995
2025-07-12 06:08:28,1,kube_pod_container_status_restarts_total,kube-proxy,kube-state-metrics.nimbusguard.svc:8080,prometheus.scrape.kube_state_metrics,kube-system,kube-proxy-vgcbc,59aaecdd-e717-4c70-a506-b1c20e684995
2025-07-12 06:09:28,1,kube_pod_container_status_restarts_total,kube-proxy,kube-state-metrics.nimbusguard.svc:8080,prometheus.scrape.kube_state_metrics,kube-system,kube-proxy-vgcbc,59aaecdd-e717-4c70-a506-b1c20e684995
2025-07-12 06:10:28,1,kube_pod_container_status_restarts_total,kube-proxy,kube-state-metrics.nimbusguard.svc:8080,prometheus.scrape.kube_state_metrics,kube-system,kube-proxy-vgcbc,59aaecdd-e717-4c70-a506-b1c20e684995
2025-07-12 06:11:28,1,kube_pod_container_status_restarts_total,kube-proxy,kube-state-metrics.nimbusguard.svc:8080,prometheus.scrape.kube_state_metrics,kube-system,kube-proxy-vgcbc,59aaecdd-e717-4c70-a506-b1c20e684995
2025-07-12 06:12:28,1,kube_pod_container_status_restarts_total,kube-proxy,kube-state-metrics.nimbusguard.svc:8080,prometheus.scrape.kube_state_metrics,kube-system,kube-proxy-vgcbc,59aaecdd-e717-4c70-a506-b1c20e684995
2025-07-12 06:13:28,1,kube_pod_container_status_restarts_total,kube-proxy,kube-state-metrics.nimbusguard.svc:8080,prometheus.scrape.kube_state_metrics,kube-system,kube-proxy-vgcbc,59aaecdd-e717-4c70-a506-b1c20e684995
2025-07-12 05:29:28,1,kube_pod_container_status_restarts_total,kube-scheduler,10.244.1.4:8080,prometheus.scrape.annotated_pods,kube-system,kube-scheduler-desktop-control-plane,646f0a66-11b3-4713-8d4c-3b8036bac958
2025-07-12 05:30:28,1,kube_pod_container_status_restarts_total,kube-scheduler,10.244.1.4:8080,prometheus.scrape.annotated_pods,kube-system,kube-scheduler-desktop-control-plane,646f0a66-11b3-4713-8d4c-3b8036bac958
2025-07-12 05:31:28,1,kube_pod_container_status_restarts_total,kube-scheduler,10.244.1.4:8080,prometheus.scrape.annotated_pods,kube-system,kube-scheduler-desktop-control-plane,646f0a66-11b3-4713-8d4c-3b8036bac958
2025-07-12 05:32:28,1,kube_pod_container_status_restarts_total,kube-scheduler,10.244.1.4:8080,prometheus.scrape.annotated_pods,kube-system,kube-scheduler-desktop-control-plane,646f0a66-11b3-4713-8d4c-3b8036bac958
2025-07-12 05:33:28,1,kube_pod_container_status_restarts_total,kube-scheduler,10.244.1.4:8080,prometheus.scrape.annotated_pods,kube-system,kube-scheduler-desktop-control-plane,646f0a66-11b3-4713-8d4c-3b8036bac958
2025-07-12 05:34:28,1,kube_pod_container_status_restarts_total,kube-scheduler,10.244.1.4:8080,prometheus.scrape.annotated_pods,kube-system,kube-scheduler-desktop-control-plane,646f0a66-11b3-4713-8d4c-3b8036bac958
2025-07-12 05:35:28,1,kube_pod_container_status_restarts_total,kube-scheduler,10.244.1.4:8080,prometheus.scrape.annotated_pods,kube-system,kube-scheduler-desktop-control-plane,646f0a66-11b3-4713-8d4c-3b8036bac958
2025-07-12 05:36:28,1,kube_pod_container_status_restarts_total,kube-scheduler,10.244.1.4:8080,prometheus.scrape.annotated_pods,kube-system,kube-scheduler-desktop-control-plane,646f0a66-11b3-4713-8d4c-3b8036bac958
2025-07-12 05:37:28,1,kube_pod_container_status_restarts_total,kube-scheduler,10.244.1.4:8080,prometheus.scrape.annotated_pods,kube-system,kube-scheduler-desktop-control-plane,646f0a66-11b3-4713-8d4c-3b8036bac958
2025-07-12 05:38:28,1,kube_pod_container_status_restarts_total,kube-scheduler,10.244.1.4:8080,prometheus.scrape.annotated_pods,kube-system,kube-scheduler-desktop-control-plane,646f0a66-11b3-4713-8d4c-3b8036bac958
2025-07-12 05:39:28,1,kube_pod_container_status_restarts_total,kube-scheduler,10.244.1.4:8080,prometheus.scrape.annotated_pods,kube-system,kube-scheduler-desktop-control-plane,646f0a66-11b3-4713-8d4c-3b8036bac958
2025-07-12 05:40:28,1,kube_pod_container_status_restarts_total,kube-scheduler,10.244.1.4:8080,prometheus.scrape.annotated_pods,kube-system,kube-scheduler-desktop-control-plane,646f0a66-11b3-4713-8d4c-3b8036bac958
2025-07-12 05:41:28,1,kube_pod_container_status_restarts_total,kube-scheduler,10.244.1.4:8080,prometheus.scrape.annotated_pods,kube-system,kube-scheduler-desktop-control-plane,646f0a66-11b3-4713-8d4c-3b8036bac958
2025-07-12 05:42:28,1,kube_pod_container_status_restarts_total,kube-scheduler,10.244.1.4:8080,prometheus.scrape.annotated_pods,kube-system,kube-scheduler-desktop-control-plane,646f0a66-11b3-4713-8d4c-3b8036bac958
2025-07-12 05:43:28,1,kube_pod_container_status_restarts_total,kube-scheduler,10.244.1.4:8080,prometheus.scrape.annotated_pods,kube-system,kube-scheduler-desktop-control-plane,646f0a66-11b3-4713-8d4c-3b8036bac958
2025-07-12 05:44:28,1,kube_pod_container_status_restarts_total,kube-scheduler,10.244.1.4:8080,prometheus.scrape.annotated_pods,kube-system,kube-scheduler-desktop-control-plane,646f0a66-11b3-4713-8d4c-3b8036bac958
2025-07-12 05:45:28,1,kube_pod_container_status_restarts_total,kube-scheduler,10.244.1.4:8080,prometheus.scrape.annotated_pods,kube-system,kube-scheduler-desktop-control-plane,646f0a66-11b3-4713-8d4c-3b8036bac958
2025-07-12 05:46:28,1,kube_pod_container_status_restarts_total,kube-scheduler,10.244.1.4:8080,prometheus.scrape.annotated_pods,kube-system,kube-scheduler-desktop-control-plane,646f0a66-11b3-4713-8d4c-3b8036bac958
2025-07-12 05:47:28,1,kube_pod_container_status_restarts_total,kube-scheduler,10.244.1.4:8080,prometheus.scrape.annotated_pods,kube-system,kube-scheduler-desktop-control-plane,646f0a66-11b3-4713-8d4c-3b8036bac958
2025-07-12 05:48:28,1,kube_pod_container_status_restarts_total,kube-scheduler,10.244.1.4:8080,prometheus.scrape.annotated_pods,kube-system,kube-scheduler-desktop-control-plane,646f0a66-11b3-4713-8d4c-3b8036bac958
2025-07-12 05:49:28,1,kube_pod_container_status_restarts_total,kube-scheduler,10.244.1.4:8080,prometheus.scrape.annotated_pods,kube-system,kube-scheduler-desktop-control-plane,646f0a66-11b3-4713-8d4c-3b8036bac958
2025-07-12 05:50:28,1,kube_pod_container_status_restarts_total,kube-scheduler,10.244.1.4:8080,prometheus.scrape.annotated_pods,kube-system,kube-scheduler-desktop-control-plane,646f0a66-11b3-4713-8d4c-3b8036bac958
2025-07-12 05:51:28,1,kube_pod_container_status_restarts_total,kube-scheduler,10.244.1.4:8080,prometheus.scrape.annotated_pods,kube-system,kube-scheduler-desktop-control-plane,646f0a66-11b3-4713-8d4c-3b8036bac958
2025-07-12 05:52:28,1,kube_pod_container_status_restarts_total,kube-scheduler,10.244.1.4:8080,prometheus.scrape.annotated_pods,kube-system,kube-scheduler-desktop-control-plane,646f0a66-11b3-4713-8d4c-3b8036bac958
2025-07-12 05:53:28,1,kube_pod_container_status_restarts_total,kube-scheduler,10.244.1.4:8080,prometheus.scrape.annotated_pods,kube-system,kube-scheduler-desktop-control-plane,646f0a66-11b3-4713-8d4c-3b8036bac958
2025-07-12 05:54:28,1,kube_pod_container_status_restarts_total,kube-scheduler,10.244.1.4:8080,prometheus.scrape.annotated_pods,kube-system,kube-scheduler-desktop-control-plane,646f0a66-11b3-4713-8d4c-3b8036bac958
2025-07-12 05:55:28,1,kube_pod_container_status_restarts_total,kube-scheduler,10.244.1.4:8080,prometheus.scrape.annotated_pods,kube-system,kube-scheduler-desktop-control-plane,646f0a66-11b3-4713-8d4c-3b8036bac958
2025-07-12 05:56:28,1,kube_pod_container_status_restarts_total,kube-scheduler,10.244.1.4:8080,prometheus.scrape.annotated_pods,kube-system,kube-scheduler-desktop-control-plane,646f0a66-11b3-4713-8d4c-3b8036bac958
2025-07-12 05:57:28,1,kube_pod_container_status_restarts_total,kube-scheduler,10.244.1.4:8080,prometheus.scrape.annotated_pods,kube-system,kube-scheduler-desktop-control-plane,646f0a66-11b3-4713-8d4c-3b8036bac958
2025-07-12 05:58:28,1,kube_pod_container_status_restarts_total,kube-scheduler,10.244.1.4:8080,prometheus.scrape.annotated_pods,kube-system,kube-scheduler-desktop-control-plane,646f0a66-11b3-4713-8d4c-3b8036bac958
2025-07-12 05:59:28,1,kube_pod_container_status_restarts_total,kube-scheduler,10.244.1.4:8080,prometheus.scrape.annotated_pods,kube-system,kube-scheduler-desktop-control-plane,646f0a66-11b3-4713-8d4c-3b8036bac958
2025-07-12 06:00:28,1,kube_pod_container_status_restarts_total,kube-scheduler,10.244.1.4:8080,prometheus.scrape.annotated_pods,kube-system,kube-scheduler-desktop-control-plane,646f0a66-11b3-4713-8d4c-3b8036bac958
2025-07-12 06:01:28,1,kube_pod_container_status_restarts_total,kube-scheduler,10.244.1.4:8080,prometheus.scrape.annotated_pods,kube-system,kube-scheduler-desktop-control-plane,646f0a66-11b3-4713-8d4c-3b8036bac958
2025-07-12 06:02:28,1,kube_pod_container_status_restarts_total,kube-scheduler,10.244.1.4:8080,prometheus.scrape.annotated_pods,kube-system,kube-scheduler-desktop-control-plane,646f0a66-11b3-4713-8d4c-3b8036bac958
2025-07-12 06:03:28,1,kube_pod_container_status_restarts_total,kube-scheduler,10.244.1.4:8080,prometheus.scrape.annotated_pods,kube-system,kube-scheduler-desktop-control-plane,646f0a66-11b3-4713-8d4c-3b8036bac958
2025-07-12 06:04:28,1,kube_pod_container_status_restarts_total,kube-scheduler,10.244.1.4:8080,prometheus.scrape.annotated_pods,kube-system,kube-scheduler-desktop-control-plane,646f0a66-11b3-4713-8d4c-3b8036bac958
2025-07-12 06:05:28,1,kube_pod_container_status_restarts_total,kube-scheduler,10.244.1.4:8080,prometheus.scrape.annotated_pods,kube-system,kube-scheduler-desktop-control-plane,646f0a66-11b3-4713-8d4c-3b8036bac958
2025-07-12 06:06:28,1,kube_pod_container_status_restarts_total,kube-scheduler,10.244.1.4:8080,prometheus.scrape.annotated_pods,kube-system,kube-scheduler-desktop-control-plane,646f0a66-11b3-4713-8d4c-3b8036bac958
2025-07-12 06:07:28,1,kube_pod_container_status_restarts_total,kube-scheduler,10.244.1.4:8080,prometheus.scrape.annotated_pods,kube-system,kube-scheduler-desktop-control-plane,646f0a66-11b3-4713-8d4c-3b8036bac958
2025-07-12 06:08:28,1,kube_pod_container_status_restarts_total,kube-scheduler,10.244.1.4:8080,prometheus.scrape.annotated_pods,kube-system,kube-scheduler-desktop-control-plane,646f0a66-11b3-4713-8d4c-3b8036bac958
2025-07-12 06:09:28,1,kube_pod_container_status_restarts_total,kube-scheduler,10.244.1.4:8080,prometheus.scrape.annotated_pods,kube-system,kube-scheduler-desktop-control-plane,646f0a66-11b3-4713-8d4c-3b8036bac958
2025-07-12 06:10:28,1,kube_pod_container_status_restarts_total,kube-scheduler,10.244.1.4:8080,prometheus.scrape.annotated_pods,kube-system,kube-scheduler-desktop-control-plane,646f0a66-11b3-4713-8d4c-3b8036bac958
2025-07-12 06:11:28,1,kube_pod_container_status_restarts_total,kube-scheduler,10.244.1.4:8080,prometheus.scrape.annotated_pods,kube-system,kube-scheduler-desktop-control-plane,646f0a66-11b3-4713-8d4c-3b8036bac958
2025-07-12 06:12:28,1,kube_pod_container_status_restarts_total,kube-scheduler,10.244.1.4:8080,prometheus.scrape.annotated_pods,kube-system,kube-scheduler-desktop-control-plane,646f0a66-11b3-4713-8d4c-3b8036bac958
2025-07-12 06:13:28,1,kube_pod_container_status_restarts_total,kube-scheduler,10.244.1.4:8080,prometheus.scrape.annotated_pods,kube-system,kube-scheduler-desktop-control-plane,646f0a66-11b3-4713-8d4c-3b8036bac958
2025-07-12 05:30:28,1,kube_pod_container_status_restarts_total,kube-scheduler,kube-state-metrics.nimbusguard.svc:8080,prometheus.scrape.kube_state_metrics,kube-system,kube-scheduler-desktop-control-plane,646f0a66-11b3-4713-8d4c-3b8036bac958
2025-07-12 05:31:28,1,kube_pod_container_status_restarts_total,kube-scheduler,kube-state-metrics.nimbusguard.svc:8080,prometheus.scrape.kube_state_metrics,kube-system,kube-scheduler-desktop-control-plane,646f0a66-11b3-4713-8d4c-3b8036bac958
2025-07-12 05:32:28,1,kube_pod_container_status_restarts_total,kube-scheduler,kube-state-metrics.nimbusguard.svc:8080,prometheus.scrape.kube_state_metrics,kube-system,kube-scheduler-desktop-control-plane,646f0a66-11b3-4713-8d4c-3b8036bac958
2025-07-12 05:33:28,1,kube_pod_container_status_restarts_total,kube-scheduler,kube-state-metrics.nimbusguard.svc:8080,prometheus.scrape.kube_state_metrics,kube-system,kube-scheduler-desktop-control-plane,646f0a66-11b3-4713-8d4c-3b8036bac958
2025-07-12 05:34:28,1,kube_pod_container_status_restarts_total,kube-scheduler,kube-state-metrics.nimbusguard.svc:8080,prometheus.scrape.kube_state_metrics,kube-system,kube-scheduler-desktop-control-plane,646f0a66-11b3-4713-8d4c-3b8036bac958
2025-07-12 05:35:28,1,kube_pod_container_status_restarts_total,kube-scheduler,kube-state-metrics.nimbusguard.svc:8080,prometheus.scrape.kube_state_metrics,kube-system,kube-scheduler-desktop-control-plane,646f0a66-11b3-4713-8d4c-3b8036bac958
2025-07-12 05:36:28,1,kube_pod_container_status_restarts_total,kube-scheduler,kube-state-metrics.nimbusguard.svc:8080,prometheus.scrape.kube_state_metrics,kube-system,kube-scheduler-desktop-control-plane,646f0a66-11b3-4713-8d4c-3b8036bac958
2025-07-12 05:37:28,1,kube_pod_container_status_restarts_total,kube-scheduler,kube-state-metrics.nimbusguard.svc:8080,prometheus.scrape.kube_state_metrics,kube-system,kube-scheduler-desktop-control-plane,646f0a66-11b3-4713-8d4c-3b8036bac958
2025-07-12 05:38:28,1,kube_pod_container_status_restarts_total,kube-scheduler,kube-state-metrics.nimbusguard.svc:8080,prometheus.scrape.kube_state_metrics,kube-system,kube-scheduler-desktop-control-plane,646f0a66-11b3-4713-8d4c-3b8036bac958
2025-07-12 05:39:28,1,kube_pod_container_status_restarts_total,kube-scheduler,kube-state-metrics.nimbusguard.svc:8080,prometheus.scrape.kube_state_metrics,kube-system,kube-scheduler-desktop-control-plane,646f0a66-11b3-4713-8d4c-3b8036bac958
2025-07-12 05:40:28,1,kube_pod_container_status_restarts_total,kube-scheduler,kube-state-metrics.nimbusguard.svc:8080,prometheus.scrape.kube_state_metrics,kube-system,kube-scheduler-desktop-control-plane,646f0a66-11b3-4713-8d4c-3b8036bac958
2025-07-12 05:41:28,1,kube_pod_container_status_restarts_total,kube-scheduler,kube-state-metrics.nimbusguard.svc:8080,prometheus.scrape.kube_state_metrics,kube-system,kube-scheduler-desktop-control-plane,646f0a66-11b3-4713-8d4c-3b8036bac958
2025-07-12 05:42:28,1,kube_pod_container_status_restarts_total,kube-scheduler,kube-state-metrics.nimbusguard.svc:8080,prometheus.scrape.kube_state_metrics,kube-system,kube-scheduler-desktop-control-plane,646f0a66-11b3-4713-8d4c-3b8036bac958
2025-07-12 05:43:28,1,kube_pod_container_status_restarts_total,kube-scheduler,kube-state-metrics.nimbusguard.svc:8080,prometheus.scrape.kube_state_metrics,kube-system,kube-scheduler-desktop-control-plane,646f0a66-11b3-4713-8d4c-3b8036bac958
2025-07-12 05:44:28,1,kube_pod_container_status_restarts_total,kube-scheduler,kube-state-metrics.nimbusguard.svc:8080,prometheus.scrape.kube_state_metrics,kube-system,kube-scheduler-desktop-control-plane,646f0a66-11b3-4713-8d4c-3b8036bac958
2025-07-12 05:45:28,1,kube_pod_container_status_restarts_total,kube-scheduler,kube-state-metrics.nimbusguard.svc:8080,prometheus.scrape.kube_state_metrics,kube-system,kube-scheduler-desktop-control-plane,646f0a66-11b3-4713-8d4c-3b8036bac958
2025-07-12 05:46:28,1,kube_pod_container_status_restarts_total,kube-scheduler,kube-state-metrics.nimbusguard.svc:8080,prometheus.scrape.kube_state_metrics,kube-system,kube-scheduler-desktop-control-plane,646f0a66-11b3-4713-8d4c-3b8036bac958
2025-07-12 05:47:28,1,kube_pod_container_status_restarts_total,kube-scheduler,kube-state-metrics.nimbusguard.svc:8080,prometheus.scrape.kube_state_metrics,kube-system,kube-scheduler-desktop-control-plane,646f0a66-11b3-4713-8d4c-3b8036bac958
2025-07-12 05:48:28,1,kube_pod_container_status_restarts_total,kube-scheduler,kube-state-metrics.nimbusguard.svc:8080,prometheus.scrape.kube_state_metrics,kube-system,kube-scheduler-desktop-control-plane,646f0a66-11b3-4713-8d4c-3b8036bac958
2025-07-12 05:49:28,1,kube_pod_container_status_restarts_total,kube-scheduler,kube-state-metrics.nimbusguard.svc:8080,prometheus.scrape.kube_state_metrics,kube-system,kube-scheduler-desktop-control-plane,646f0a66-11b3-4713-8d4c-3b8036bac958
2025-07-12 05:50:28,1,kube_pod_container_status_restarts_total,kube-scheduler,kube-state-metrics.nimbusguard.svc:8080,prometheus.scrape.kube_state_metrics,kube-system,kube-scheduler-desktop-control-plane,646f0a66-11b3-4713-8d4c-3b8036bac958
2025-07-12 05:51:28,1,kube_pod_container_status_restarts_total,kube-scheduler,kube-state-metrics.nimbusguard.svc:8080,prometheus.scrape.kube_state_metrics,kube-system,kube-scheduler-desktop-control-plane,646f0a66-11b3-4713-8d4c-3b8036bac958
2025-07-12 05:52:28,1,kube_pod_container_status_restarts_total,kube-scheduler,kube-state-metrics.nimbusguard.svc:8080,prometheus.scrape.kube_state_metrics,kube-system,kube-scheduler-desktop-control-plane,646f0a66-11b3-4713-8d4c-3b8036bac958
2025-07-12 05:53:28,1,kube_pod_container_status_restarts_total,kube-scheduler,kube-state-metrics.nimbusguard.svc:8080,prometheus.scrape.kube_state_metrics,kube-system,kube-scheduler-desktop-control-plane,646f0a66-11b3-4713-8d4c-3b8036bac958
2025-07-12 05:54:28,1,kube_pod_container_status_restarts_total,kube-scheduler,kube-state-metrics.nimbusguard.svc:8080,prometheus.scrape.kube_state_metrics,kube-system,kube-scheduler-desktop-control-plane,646f0a66-11b3-4713-8d4c-3b8036bac958
2025-07-12 05:55:28,1,kube_pod_container_status_restarts_total,kube-scheduler,kube-state-metrics.nimbusguard.svc:8080,prometheus.scrape.kube_state_metrics,kube-system,kube-scheduler-desktop-control-plane,646f0a66-11b3-4713-8d4c-3b8036bac958
2025-07-12 05:56:28,1,kube_pod_container_status_restarts_total,kube-scheduler,kube-state-metrics.nimbusguard.svc:8080,prometheus.scrape.kube_state_metrics,kube-system,kube-scheduler-desktop-control-plane,646f0a66-11b3-4713-8d4c-3b8036bac958
2025-07-12 05:57:28,1,kube_pod_container_status_restarts_total,kube-scheduler,kube-state-metrics.nimbusguard.svc:8080,prometheus.scrape.kube_state_metrics,kube-system,kube-scheduler-desktop-control-plane,646f0a66-11b3-4713-8d4c-3b8036bac958
2025-07-12 05:58:28,1,kube_pod_container_status_restarts_total,kube-scheduler,kube-state-metrics.nimbusguard.svc:8080,prometheus.scrape.kube_state_metrics,kube-system,kube-scheduler-desktop-control-plane,646f0a66-11b3-4713-8d4c-3b8036bac958
2025-07-12 05:59:28,1,kube_pod_container_status_restarts_total,kube-scheduler,kube-state-metrics.nimbusguard.svc:8080,prometheus.scrape.kube_state_metrics,kube-system,kube-scheduler-desktop-control-plane,646f0a66-11b3-4713-8d4c-3b8036bac958
2025-07-12 06:00:28,1,kube_pod_container_status_restarts_total,kube-scheduler,kube-state-metrics.nimbusguard.svc:8080,prometheus.scrape.kube_state_metrics,kube-system,kube-scheduler-desktop-control-plane,646f0a66-11b3-4713-8d4c-3b8036bac958
2025-07-12 06:01:28,1,kube_pod_container_status_restarts_total,kube-scheduler,kube-state-metrics.nimbusguard.svc:8080,prometheus.scrape.kube_state_metrics,kube-system,kube-scheduler-desktop-control-plane,646f0a66-11b3-4713-8d4c-3b8036bac958
2025-07-12 06:02:28,1,kube_pod_container_status_restarts_total,kube-scheduler,kube-state-metrics.nimbusguard.svc:8080,prometheus.scrape.kube_state_metrics,kube-system,kube-scheduler-desktop-control-plane,646f0a66-11b3-4713-8d4c-3b8036bac958
2025-07-12 06:03:28,1,kube_pod_container_status_restarts_total,kube-scheduler,kube-state-metrics.nimbusguard.svc:8080,prometheus.scrape.kube_state_metrics,kube-system,kube-scheduler-desktop-control-plane,646f0a66-11b3-4713-8d4c-3b8036bac958
2025-07-12 06:04:28,1,kube_pod_container_status_restarts_total,kube-scheduler,kube-state-metrics.nimbusguard.svc:8080,prometheus.scrape.kube_state_metrics,kube-system,kube-scheduler-desktop-control-plane,646f0a66-11b3-4713-8d4c-3b8036bac958
2025-07-12 06:05:28,1,kube_pod_container_status_restarts_total,kube-scheduler,kube-state-metrics.nimbusguard.svc:8080,prometheus.scrape.kube_state_metrics,kube-system,kube-scheduler-desktop-control-plane,646f0a66-11b3-4713-8d4c-3b8036bac958
2025-07-12 06:06:28,1,kube_pod_container_status_restarts_total,kube-scheduler,kube-state-metrics.nimbusguard.svc:8080,prometheus.scrape.kube_state_metrics,kube-system,kube-scheduler-desktop-control-plane,646f0a66-11b3-4713-8d4c-3b8036bac958
2025-07-12 06:07:28,1,kube_pod_container_status_restarts_total,kube-scheduler,kube-state-metrics.nimbusguard.svc:8080,prometheus.scrape.kube_state_metrics,kube-system,kube-scheduler-desktop-control-plane,646f0a66-11b3-4713-8d4c-3b8036bac958
2025-07-12 06:08:28,1,kube_pod_container_status_restarts_total,kube-scheduler,kube-state-metrics.nimbusguard.svc:8080,prometheus.scrape.kube_state_metrics,kube-system,kube-scheduler-desktop-control-plane,646f0a66-11b3-4713-8d4c-3b8036bac958
2025-07-12 06:09:28,1,kube_pod_container_status_restarts_total,kube-scheduler,kube-state-metrics.nimbusguard.svc:8080,prometheus.scrape.kube_state_metrics,kube-system,kube-scheduler-desktop-control-plane,646f0a66-11b3-4713-8d4c-3b8036bac958
2025-07-12 06:10:28,1,kube_pod_container_status_restarts_total,kube-scheduler,kube-state-metrics.nimbusguard.svc:8080,prometheus.scrape.kube_state_metrics,kube-system,kube-scheduler-desktop-control-plane,646f0a66-11b3-4713-8d4c-3b8036bac958
2025-07-12 06:11:28,1,kube_pod_container_status_restarts_total,kube-scheduler,kube-state-metrics.nimbusguard.svc:8080,prometheus.scrape.kube_state_metrics,kube-system,kube-scheduler-desktop-control-plane,646f0a66-11b3-4713-8d4c-3b8036bac958
2025-07-12 06:12:28,1,kube_pod_container_status_restarts_total,kube-scheduler,kube-state-metrics.nimbusguard.svc:8080,prometheus.scrape.kube_state_metrics,kube-system,kube-scheduler-desktop-control-plane,646f0a66-11b3-4713-8d4c-3b8036bac958
2025-07-12 06:13:28,1,kube_pod_container_status_restarts_total,kube-scheduler,kube-state-metrics.nimbusguard.svc:8080,prometheus.scrape.kube_state_metrics,kube-system,kube-scheduler-desktop-control-plane,646f0a66-11b3-4713-8d4c-3b8036bac958
2025-07-12 05:29:28,0,kube_pod_container_status_restarts_total,kube-state-metrics,10.244.1.4:8080,prometheus.scrape.annotated_pods,nimbusguard,kube-state-metrics-76f64868b9-xlf4s,6c8efc78-3a10-42bb-ac6e-71d66f8c8963
2025-07-12 05:30:28,0,kube_pod_container_status_restarts_total,kube-state-metrics,10.244.1.4:8080,prometheus.scrape.annotated_pods,nimbusguard,kube-state-metrics-76f64868b9-xlf4s,6c8efc78-3a10-42bb-ac6e-71d66f8c8963
2025-07-12 05:31:28,0,kube_pod_container_status_restarts_total,kube-state-metrics,10.244.1.4:8080,prometheus.scrape.annotated_pods,nimbusguard,kube-state-metrics-76f64868b9-xlf4s,6c8efc78-3a10-42bb-ac6e-71d66f8c8963
2025-07-12 05:32:28,0,kube_pod_container_status_restarts_total,kube-state-metrics,10.244.1.4:8080,prometheus.scrape.annotated_pods,nimbusguard,kube-state-metrics-76f64868b9-xlf4s,6c8efc78-3a10-42bb-ac6e-71d66f8c8963
2025-07-12 05:33:28,0,kube_pod_container_status_restarts_total,kube-state-metrics,10.244.1.4:8080,prometheus.scrape.annotated_pods,nimbusguard,kube-state-metrics-76f64868b9-xlf4s,6c8efc78-3a10-42bb-ac6e-71d66f8c8963
2025-07-12 05:34:28,0,kube_pod_container_status_restarts_total,kube-state-metrics,10.244.1.4:8080,prometheus.scrape.annotated_pods,nimbusguard,kube-state-metrics-76f64868b9-xlf4s,6c8efc78-3a10-42bb-ac6e-71d66f8c8963
2025-07-12 05:35:28,0,kube_pod_container_status_restarts_total,kube-state-metrics,10.244.1.4:8080,prometheus.scrape.annotated_pods,nimbusguard,kube-state-metrics-76f64868b9-xlf4s,6c8efc78-3a10-42bb-ac6e-71d66f8c8963
2025-07-12 05:36:28,0,kube_pod_container_status_restarts_total,kube-state-metrics,10.244.1.4:8080,prometheus.scrape.annotated_pods,nimbusguard,kube-state-metrics-76f64868b9-xlf4s,6c8efc78-3a10-42bb-ac6e-71d66f8c8963
2025-07-12 05:37:28,0,kube_pod_container_status_restarts_total,kube-state-metrics,10.244.1.4:8080,prometheus.scrape.annotated_pods,nimbusguard,kube-state-metrics-76f64868b9-xlf4s,6c8efc78-3a10-42bb-ac6e-71d66f8c8963
2025-07-12 05:38:28,0,kube_pod_container_status_restarts_total,kube-state-metrics,10.244.1.4:8080,prometheus.scrape.annotated_pods,nimbusguard,kube-state-metrics-76f64868b9-xlf4s,6c8efc78-3a10-42bb-ac6e-71d66f8c8963
2025-07-12 05:39:28,0,kube_pod_container_status_restarts_total,kube-state-metrics,10.244.1.4:8080,prometheus.scrape.annotated_pods,nimbusguard,kube-state-metrics-76f64868b9-xlf4s,6c8efc78-3a10-42bb-ac6e-71d66f8c8963
2025-07-12 05:40:28,0,kube_pod_container_status_restarts_total,kube-state-metrics,10.244.1.4:8080,prometheus.scrape.annotated_pods,nimbusguard,kube-state-metrics-76f64868b9-xlf4s,6c8efc78-3a10-42bb-ac6e-71d66f8c8963
2025-07-12 05:41:28,0,kube_pod_container_status_restarts_total,kube-state-metrics,10.244.1.4:8080,prometheus.scrape.annotated_pods,nimbusguard,kube-state-metrics-76f64868b9-xlf4s,6c8efc78-3a10-42bb-ac6e-71d66f8c8963
2025-07-12 05:42:28,0,kube_pod_container_status_restarts_total,kube-state-metrics,10.244.1.4:8080,prometheus.scrape.annotated_pods,nimbusguard,kube-state-metrics-76f64868b9-xlf4s,6c8efc78-3a10-42bb-ac6e-71d66f8c8963
2025-07-12 05:43:28,0,kube_pod_container_status_restarts_total,kube-state-metrics,10.244.1.4:8080,prometheus.scrape.annotated_pods,nimbusguard,kube-state-metrics-76f64868b9-xlf4s,6c8efc78-3a10-42bb-ac6e-71d66f8c8963
2025-07-12 05:44:28,0,kube_pod_container_status_restarts_total,kube-state-metrics,10.244.1.4:8080,prometheus.scrape.annotated_pods,nimbusguard,kube-state-metrics-76f64868b9-xlf4s,6c8efc78-3a10-42bb-ac6e-71d66f8c8963
2025-07-12 05:45:28,0,kube_pod_container_status_restarts_total,kube-state-metrics,10.244.1.4:8080,prometheus.scrape.annotated_pods,nimbusguard,kube-state-metrics-76f64868b9-xlf4s,6c8efc78-3a10-42bb-ac6e-71d66f8c8963
2025-07-12 05:46:28,0,kube_pod_container_status_restarts_total,kube-state-metrics,10.244.1.4:8080,prometheus.scrape.annotated_pods,nimbusguard,kube-state-metrics-76f64868b9-xlf4s,6c8efc78-3a10-42bb-ac6e-71d66f8c8963
2025-07-12 05:47:28,0,kube_pod_container_status_restarts_total,kube-state-metrics,10.244.1.4:8080,prometheus.scrape.annotated_pods,nimbusguard,kube-state-metrics-76f64868b9-xlf4s,6c8efc78-3a10-42bb-ac6e-71d66f8c8963
2025-07-12 05:48:28,0,kube_pod_container_status_restarts_total,kube-state-metrics,10.244.1.4:8080,prometheus.scrape.annotated_pods,nimbusguard,kube-state-metrics-76f64868b9-xlf4s,6c8efc78-3a10-42bb-ac6e-71d66f8c8963
2025-07-12 05:49:28,0,kube_pod_container_status_restarts_total,kube-state-metrics,10.244.1.4:8080,prometheus.scrape.annotated_pods,nimbusguard,kube-state-metrics-76f64868b9-xlf4s,6c8efc78-3a10-42bb-ac6e-71d66f8c8963
2025-07-12 05:50:28,0,kube_pod_container_status_restarts_total,kube-state-metrics,10.244.1.4:8080,prometheus.scrape.annotated_pods,nimbusguard,kube-state-metrics-76f64868b9-xlf4s,6c8efc78-3a10-42bb-ac6e-71d66f8c8963
2025-07-12 05:51:28,0,kube_pod_container_status_restarts_total,kube-state-metrics,10.244.1.4:8080,prometheus.scrape.annotated_pods,nimbusguard,kube-state-metrics-76f64868b9-xlf4s,6c8efc78-3a10-42bb-ac6e-71d66f8c8963
2025-07-12 05:52:28,0,kube_pod_container_status_restarts_total,kube-state-metrics,10.244.1.4:8080,prometheus.scrape.annotated_pods,nimbusguard,kube-state-metrics-76f64868b9-xlf4s,6c8efc78-3a10-42bb-ac6e-71d66f8c8963
2025-07-12 05:53:28,0,kube_pod_container_status_restarts_total,kube-state-metrics,10.244.1.4:8080,prometheus.scrape.annotated_pods,nimbusguard,kube-state-metrics-76f64868b9-xlf4s,6c8efc78-3a10-42bb-ac6e-71d66f8c8963
2025-07-12 05:54:28,0,kube_pod_container_status_restarts_total,kube-state-metrics,10.244.1.4:8080,prometheus.scrape.annotated_pods,nimbusguard,kube-state-metrics-76f64868b9-xlf4s,6c8efc78-3a10-42bb-ac6e-71d66f8c8963
2025-07-12 05:55:28,0,kube_pod_container_status_restarts_total,kube-state-metrics,10.244.1.4:8080,prometheus.scrape.annotated_pods,nimbusguard,kube-state-metrics-76f64868b9-xlf4s,6c8efc78-3a10-42bb-ac6e-71d66f8c8963
2025-07-12 05:56:28,0,kube_pod_container_status_restarts_total,kube-state-metrics,10.244.1.4:8080,prometheus.scrape.annotated_pods,nimbusguard,kube-state-metrics-76f64868b9-xlf4s,6c8efc78-3a10-42bb-ac6e-71d66f8c8963
2025-07-12 05:57:28,0,kube_pod_container_status_restarts_total,kube-state-metrics,10.244.1.4:8080,prometheus.scrape.annotated_pods,nimbusguard,kube-state-metrics-76f64868b9-xlf4s,6c8efc78-3a10-42bb-ac6e-71d66f8c8963
2025-07-12 05:58:28,0,kube_pod_container_status_restarts_total,kube-state-metrics,10.244.1.4:8080,prometheus.scrape.annotated_pods,nimbusguard,kube-state-metrics-76f64868b9-xlf4s,6c8efc78-3a10-42bb-ac6e-71d66f8c8963
2025-07-12 05:59:28,0,kube_pod_container_status_restarts_total,kube-state-metrics,10.244.1.4:8080,prometheus.scrape.annotated_pods,nimbusguard,kube-state-metrics-76f64868b9-xlf4s,6c8efc78-3a10-42bb-ac6e-71d66f8c8963
2025-07-12 06:00:28,0,kube_pod_container_status_restarts_total,kube-state-metrics,10.244.1.4:8080,prometheus.scrape.annotated_pods,nimbusguard,kube-state-metrics-76f64868b9-xlf4s,6c8efc78-3a10-42bb-ac6e-71d66f8c8963
2025-07-12 06:01:28,0,kube_pod_container_status_restarts_total,kube-state-metrics,10.244.1.4:8080,prometheus.scrape.annotated_pods,nimbusguard,kube-state-metrics-76f64868b9-xlf4s,6c8efc78-3a10-42bb-ac6e-71d66f8c8963
2025-07-12 06:02:28,0,kube_pod_container_status_restarts_total,kube-state-metrics,10.244.1.4:8080,prometheus.scrape.annotated_pods,nimbusguard,kube-state-metrics-76f64868b9-xlf4s,6c8efc78-3a10-42bb-ac6e-71d66f8c8963
2025-07-12 06:03:28,0,kube_pod_container_status_restarts_total,kube-state-metrics,10.244.1.4:8080,prometheus.scrape.annotated_pods,nimbusguard,kube-state-metrics-76f64868b9-xlf4s,6c8efc78-3a10-42bb-ac6e-71d66f8c8963
2025-07-12 06:04:28,0,kube_pod_container_status_restarts_total,kube-state-metrics,10.244.1.4:8080,prometheus.scrape.annotated_pods,nimbusguard,kube-state-metrics-76f64868b9-xlf4s,6c8efc78-3a10-42bb-ac6e-71d66f8c8963
2025-07-12 06:05:28,0,kube_pod_container_status_restarts_total,kube-state-metrics,10.244.1.4:8080,prometheus.scrape.annotated_pods,nimbusguard,kube-state-metrics-76f64868b9-xlf4s,6c8efc78-3a10-42bb-ac6e-71d66f8c8963
2025-07-12 06:06:28,0,kube_pod_container_status_restarts_total,kube-state-metrics,10.244.1.4:8080,prometheus.scrape.annotated_pods,nimbusguard,kube-state-metrics-76f64868b9-xlf4s,6c8efc78-3a10-42bb-ac6e-71d66f8c8963
2025-07-12 06:07:28,0,kube_pod_container_status_restarts_total,kube-state-metrics,10.244.1.4:8080,prometheus.scrape.annotated_pods,nimbusguard,kube-state-metrics-76f64868b9-xlf4s,6c8efc78-3a10-42bb-ac6e-71d66f8c8963
2025-07-12 06:08:28,0,kube_pod_container_status_restarts_total,kube-state-metrics,10.244.1.4:8080,prometheus.scrape.annotated_pods,nimbusguard,kube-state-metrics-76f64868b9-xlf4s,6c8efc78-3a10-42bb-ac6e-71d66f8c8963
2025-07-12 06:09:28,0,kube_pod_container_status_restarts_total,kube-state-metrics,10.244.1.4:8080,prometheus.scrape.annotated_pods,nimbusguard,kube-state-metrics-76f64868b9-xlf4s,6c8efc78-3a10-42bb-ac6e-71d66f8c8963
2025-07-12 06:10:28,0,kube_pod_container_status_restarts_total,kube-state-metrics,10.244.1.4:8080,prometheus.scrape.annotated_pods,nimbusguard,kube-state-metrics-76f64868b9-xlf4s,6c8efc78-3a10-42bb-ac6e-71d66f8c8963
2025-07-12 06:11:28,0,kube_pod_container_status_restarts_total,kube-state-metrics,10.244.1.4:8080,prometheus.scrape.annotated_pods,nimbusguard,kube-state-metrics-76f64868b9-xlf4s,6c8efc78-3a10-42bb-ac6e-71d66f8c8963
2025-07-12 06:12:28,0,kube_pod_container_status_restarts_total,kube-state-metrics,10.244.1.4:8080,prometheus.scrape.annotated_pods,nimbusguard,kube-state-metrics-76f64868b9-xlf4s,6c8efc78-3a10-42bb-ac6e-71d66f8c8963
2025-07-12 06:13:28,0,kube_pod_container_status_restarts_total,kube-state-metrics,10.244.1.4:8080,prometheus.scrape.annotated_pods,nimbusguard,kube-state-metrics-76f64868b9-xlf4s,6c8efc78-3a10-42bb-ac6e-71d66f8c8963
2025-07-12 05:30:28,0,kube_pod_container_status_restarts_total,kube-state-metrics,kube-state-metrics.nimbusguard.svc:8080,prometheus.scrape.kube_state_metrics,nimbusguard,kube-state-metrics-76f64868b9-xlf4s,6c8efc78-3a10-42bb-ac6e-71d66f8c8963
2025-07-12 05:31:28,0,kube_pod_container_status_restarts_total,kube-state-metrics,kube-state-metrics.nimbusguard.svc:8080,prometheus.scrape.kube_state_metrics,nimbusguard,kube-state-metrics-76f64868b9-xlf4s,6c8efc78-3a10-42bb-ac6e-71d66f8c8963
2025-07-12 05:32:28,0,kube_pod_container_status_restarts_total,kube-state-metrics,kube-state-metrics.nimbusguard.svc:8080,prometheus.scrape.kube_state_metrics,nimbusguard,kube-state-metrics-76f64868b9-xlf4s,6c8efc78-3a10-42bb-ac6e-71d66f8c8963
2025-07-12 05:33:28,0,kube_pod_container_status_restarts_total,kube-state-metrics,kube-state-metrics.nimbusguard.svc:8080,prometheus.scrape.kube_state_metrics,nimbusguard,kube-state-metrics-76f64868b9-xlf4s,6c8efc78-3a10-42bb-ac6e-71d66f8c8963
2025-07-12 05:34:28,0,kube_pod_container_status_restarts_total,kube-state-metrics,kube-state-metrics.nimbusguard.svc:8080,prometheus.scrape.kube_state_metrics,nimbusguard,kube-state-metrics-76f64868b9-xlf4s,6c8efc78-3a10-42bb-ac6e-71d66f8c8963
2025-07-12 05:35:28,0,kube_pod_container_status_restarts_total,kube-state-metrics,kube-state-metrics.nimbusguard.svc:8080,prometheus.scrape.kube_state_metrics,nimbusguard,kube-state-metrics-76f64868b9-xlf4s,6c8efc78-3a10-42bb-ac6e-71d66f8c8963
2025-07-12 05:36:28,0,kube_pod_container_status_restarts_total,kube-state-metrics,kube-state-metrics.nimbusguard.svc:8080,prometheus.scrape.kube_state_metrics,nimbusguard,kube-state-metrics-76f64868b9-xlf4s,6c8efc78-3a10-42bb-ac6e-71d66f8c8963
2025-07-12 05:37:28,0,kube_pod_container_status_restarts_total,kube-state-metrics,kube-state-metrics.nimbusguard.svc:8080,prometheus.scrape.kube_state_metrics,nimbusguard,kube-state-metrics-76f64868b9-xlf4s,6c8efc78-3a10-42bb-ac6e-71d66f8c8963
2025-07-12 05:38:28,0,kube_pod_container_status_restarts_total,kube-state-metrics,kube-state-metrics.nimbusguard.svc:8080,prometheus.scrape.kube_state_metrics,nimbusguard,kube-state-metrics-76f64868b9-xlf4s,6c8efc78-3a10-42bb-ac6e-71d66f8c8963
2025-07-12 05:39:28,0,kube_pod_container_status_restarts_total,kube-state-metrics,kube-state-metrics.nimbusguard.svc:8080,prometheus.scrape.kube_state_metrics,nimbusguard,kube-state-metrics-76f64868b9-xlf4s,6c8efc78-3a10-42bb-ac6e-71d66f8c8963
2025-07-12 05:40:28,0,kube_pod_container_status_restarts_total,kube-state-metrics,kube-state-metrics.nimbusguard.svc:8080,prometheus.scrape.kube_state_metrics,nimbusguard,kube-state-metrics-76f64868b9-xlf4s,6c8efc78-3a10-42bb-ac6e-71d66f8c8963
2025-07-12 05:41:28,0,kube_pod_container_status_restarts_total,kube-state-metrics,kube-state-metrics.nimbusguard.svc:8080,prometheus.scrape.kube_state_metrics,nimbusguard,kube-state-metrics-76f64868b9-xlf4s,6c8efc78-3a10-42bb-ac6e-71d66f8c8963
2025-07-12 05:42:28,0,kube_pod_container_status_restarts_total,kube-state-metrics,kube-state-metrics.nimbusguard.svc:8080,prometheus.scrape.kube_state_metrics,nimbusguard,kube-state-metrics-76f64868b9-xlf4s,6c8efc78-3a10-42bb-ac6e-71d66f8c8963
2025-07-12 05:43:28,0,kube_pod_container_status_restarts_total,kube-state-metrics,kube-state-metrics.nimbusguard.svc:8080,prometheus.scrape.kube_state_metrics,nimbusguard,kube-state-metrics-76f64868b9-xlf4s,6c8efc78-3a10-42bb-ac6e-71d66f8c8963
2025-07-12 05:44:28,0,kube_pod_container_status_restarts_total,kube-state-metrics,kube-state-metrics.nimbusguard.svc:8080,prometheus.scrape.kube_state_metrics,nimbusguard,kube-state-metrics-76f64868b9-xlf4s,6c8efc78-3a10-42bb-ac6e-71d66f8c8963
2025-07-12 05:45:28,0,kube_pod_container_status_restarts_total,kube-state-metrics,kube-state-metrics.nimbusguard.svc:8080,prometheus.scrape.kube_state_metrics,nimbusguard,kube-state-metrics-76f64868b9-xlf4s,6c8efc78-3a10-42bb-ac6e-71d66f8c8963
2025-07-12 05:46:28,0,kube_pod_container_status_restarts_total,kube-state-metrics,kube-state-metrics.nimbusguard.svc:8080,prometheus.scrape.kube_state_metrics,nimbusguard,kube-state-metrics-76f64868b9-xlf4s,6c8efc78-3a10-42bb-ac6e-71d66f8c8963
2025-07-12 05:47:28,0,kube_pod_container_status_restarts_total,kube-state-metrics,kube-state-metrics.nimbusguard.svc:8080,prometheus.scrape.kube_state_metrics,nimbusguard,kube-state-metrics-76f64868b9-xlf4s,6c8efc78-3a10-42bb-ac6e-71d66f8c8963
2025-07-12 05:48:28,0,kube_pod_container_status_restarts_total,kube-state-metrics,kube-state-metrics.nimbusguard.svc:8080,prometheus.scrape.kube_state_metrics,nimbusguard,kube-state-metrics-76f64868b9-xlf4s,6c8efc78-3a10-42bb-ac6e-71d66f8c8963
2025-07-12 05:49:28,0,kube_pod_container_status_restarts_total,kube-state-metrics,kube-state-metrics.nimbusguard.svc:8080,prometheus.scrape.kube_state_metrics,nimbusguard,kube-state-metrics-76f64868b9-xlf4s,6c8efc78-3a10-42bb-ac6e-71d66f8c8963
2025-07-12 05:50:28,0,kube_pod_container_status_restarts_total,kube-state-metrics,kube-state-metrics.nimbusguard.svc:8080,prometheus.scrape.kube_state_metrics,nimbusguard,kube-state-metrics-76f64868b9-xlf4s,6c8efc78-3a10-42bb-ac6e-71d66f8c8963
2025-07-12 05:51:28,0,kube_pod_container_status_restarts_total,kube-state-metrics,kube-state-metrics.nimbusguard.svc:8080,prometheus.scrape.kube_state_metrics,nimbusguard,kube-state-metrics-76f64868b9-xlf4s,6c8efc78-3a10-42bb-ac6e-71d66f8c8963
2025-07-12 05:52:28,0,kube_pod_container_status_restarts_total,kube-state-metrics,kube-state-metrics.nimbusguard.svc:8080,prometheus.scrape.kube_state_metrics,nimbusguard,kube-state-metrics-76f64868b9-xlf4s,6c8efc78-3a10-42bb-ac6e-71d66f8c8963
2025-07-12 05:53:28,0,kube_pod_container_status_restarts_total,kube-state-metrics,kube-state-metrics.nimbusguard.svc:8080,prometheus.scrape.kube_state_metrics,nimbusguard,kube-state-metrics-76f64868b9-xlf4s,6c8efc78-3a10-42bb-ac6e-71d66f8c8963
2025-07-12 05:54:28,0,kube_pod_container_status_restarts_total,kube-state-metrics,kube-state-metrics.nimbusguard.svc:8080,prometheus.scrape.kube_state_metrics,nimbusguard,kube-state-metrics-76f64868b9-xlf4s,6c8efc78-3a10-42bb-ac6e-71d66f8c8963
2025-07-12 05:55:28,0,kube_pod_container_status_restarts_total,kube-state-metrics,kube-state-metrics.nimbusguard.svc:8080,prometheus.scrape.kube_state_metrics,nimbusguard,kube-state-metrics-76f64868b9-xlf4s,6c8efc78-3a10-42bb-ac6e-71d66f8c8963
2025-07-12 05:56:28,0,kube_pod_container_status_restarts_total,kube-state-metrics,kube-state-metrics.nimbusguard.svc:8080,prometheus.scrape.kube_state_metrics,nimbusguard,kube-state-metrics-76f64868b9-xlf4s,6c8efc78-3a10-42bb-ac6e-71d66f8c8963
2025-07-12 05:57:28,0,kube_pod_container_status_restarts_total,kube-state-metrics,kube-state-metrics.nimbusguard.svc:8080,prometheus.scrape.kube_state_metrics,nimbusguard,kube-state-metrics-76f64868b9-xlf4s,6c8efc78-3a10-42bb-ac6e-71d66f8c8963
2025-07-12 05:58:28,0,kube_pod_container_status_restarts_total,kube-state-metrics,kube-state-metrics.nimbusguard.svc:8080,prometheus.scrape.kube_state_metrics,nimbusguard,kube-state-metrics-76f64868b9-xlf4s,6c8efc78-3a10-42bb-ac6e-71d66f8c8963
2025-07-12 05:59:28,0,kube_pod_container_status_restarts_total,kube-state-metrics,kube-state-metrics.nimbusguard.svc:8080,prometheus.scrape.kube_state_metrics,nimbusguard,kube-state-metrics-76f64868b9-xlf4s,6c8efc78-3a10-42bb-ac6e-71d66f8c8963
2025-07-12 06:00:28,0,kube_pod_container_status_restarts_total,kube-state-metrics,kube-state-metrics.nimbusguard.svc:8080,prometheus.scrape.kube_state_metrics,nimbusguard,kube-state-metrics-76f64868b9-xlf4s,6c8efc78-3a10-42bb-ac6e-71d66f8c8963
2025-07-12 06:01:28,0,kube_pod_container_status_restarts_total,kube-state-metrics,kube-state-metrics.nimbusguard.svc:8080,prometheus.scrape.kube_state_metrics,nimbusguard,kube-state-metrics-76f64868b9-xlf4s,6c8efc78-3a10-42bb-ac6e-71d66f8c8963
2025-07-12 06:02:28,0,kube_pod_container_status_restarts_total,kube-state-metrics,kube-state-metrics.nimbusguard.svc:8080,prometheus.scrape.kube_state_metrics,nimbusguard,kube-state-metrics-76f64868b9-xlf4s,6c8efc78-3a10-42bb-ac6e-71d66f8c8963
2025-07-12 06:03:28,0,kube_pod_container_status_restarts_total,kube-state-metrics,kube-state-metrics.nimbusguard.svc:8080,prometheus.scrape.kube_state_metrics,nimbusguard,kube-state-metrics-76f64868b9-xlf4s,6c8efc78-3a10-42bb-ac6e-71d66f8c8963
2025-07-12 06:04:28,0,kube_pod_container_status_restarts_total,kube-state-metrics,kube-state-metrics.nimbusguard.svc:8080,prometheus.scrape.kube_state_metrics,nimbusguard,kube-state-metrics-76f64868b9-xlf4s,6c8efc78-3a10-42bb-ac6e-71d66f8c8963
2025-07-12 06:05:28,0,kube_pod_container_status_restarts_total,kube-state-metrics,kube-state-metrics.nimbusguard.svc:8080,prometheus.scrape.kube_state_metrics,nimbusguard,kube-state-metrics-76f64868b9-xlf4s,6c8efc78-3a10-42bb-ac6e-71d66f8c8963
2025-07-12 06:06:28,0,kube_pod_container_status_restarts_total,kube-state-metrics,kube-state-metrics.nimbusguard.svc:8080,prometheus.scrape.kube_state_metrics,nimbusguard,kube-state-metrics-76f64868b9-xlf4s,6c8efc78-3a10-42bb-ac6e-71d66f8c8963
2025-07-12 06:07:28,0,kube_pod_container_status_restarts_total,kube-state-metrics,kube-state-metrics.nimbusguard.svc:8080,prometheus.scrape.kube_state_metrics,nimbusguard,kube-state-metrics-76f64868b9-xlf4s,6c8efc78-3a10-42bb-ac6e-71d66f8c8963
2025-07-12 06:08:28,0,kube_pod_container_status_restarts_total,kube-state-metrics,kube-state-metrics.nimbusguard.svc:8080,prometheus.scrape.kube_state_metrics,nimbusguard,kube-state-metrics-76f64868b9-xlf4s,6c8efc78-3a10-42bb-ac6e-71d66f8c8963
2025-07-12 06:09:28,0,kube_pod_container_status_restarts_total,kube-state-metrics,kube-state-metrics.nimbusguard.svc:8080,prometheus.scrape.kube_state_metrics,nimbusguard,kube-state-metrics-76f64868b9-xlf4s,6c8efc78-3a10-42bb-ac6e-71d66f8c8963
2025-07-12 06:10:28,0,kube_pod_container_status_restarts_total,kube-state-metrics,kube-state-metrics.nimbusguard.svc:8080,prometheus.scrape.kube_state_metrics,nimbusguard,kube-state-metrics-76f64868b9-xlf4s,6c8efc78-3a10-42bb-ac6e-71d66f8c8963
2025-07-12 06:11:28,0,kube_pod_container_status_restarts_total,kube-state-metrics,kube-state-metrics.nimbusguard.svc:8080,prometheus.scrape.kube_state_metrics,nimbusguard,kube-state-metrics-76f64868b9-xlf4s,6c8efc78-3a10-42bb-ac6e-71d66f8c8963
2025-07-12 06:12:28,0,kube_pod_container_status_restarts_total,kube-state-metrics,kube-state-metrics.nimbusguard.svc:8080,prometheus.scrape.kube_state_metrics,nimbusguard,kube-state-metrics-76f64868b9-xlf4s,6c8efc78-3a10-42bb-ac6e-71d66f8c8963
2025-07-12 06:13:28,0,kube_pod_container_status_restarts_total,kube-state-metrics,kube-state-metrics.nimbusguard.svc:8080,prometheus.scrape.kube_state_metrics,nimbusguard,kube-state-metrics-76f64868b9-xlf4s,6c8efc78-3a10-42bb-ac6e-71d66f8c8963
2025-07-12 05:31:28,0,kube_pod_container_status_restarts_total,load-generator,10.244.1.4:8080,prometheus.scrape.annotated_pods,nimbusguard,load-test-baseline-hj8q7,25091ec8-ac38-481c-9081-029ea50cfa4f
2025-07-12 05:32:28,0,kube_pod_container_status_restarts_total,load-generator,10.244.1.4:8080,prometheus.scrape.annotated_pods,nimbusguard,load-test-baseline-hj8q7,25091ec8-ac38-481c-9081-029ea50cfa4f
2025-07-12 05:33:28,0,kube_pod_container_status_restarts_total,load-generator,10.244.1.4:8080,prometheus.scrape.annotated_pods,nimbusguard,load-test-baseline-hj8q7,25091ec8-ac38-481c-9081-029ea50cfa4f
2025-07-12 05:34:28,0,kube_pod_container_status_restarts_total,load-generator,10.244.1.4:8080,prometheus.scrape.annotated_pods,nimbusguard,load-test-baseline-hj8q7,25091ec8-ac38-481c-9081-029ea50cfa4f
2025-07-12 05:35:28,0,kube_pod_container_status_restarts_total,load-generator,10.244.1.4:8080,prometheus.scrape.annotated_pods,nimbusguard,load-test-baseline-hj8q7,25091ec8-ac38-481c-9081-029ea50cfa4f
2025-07-12 05:36:28,0,kube_pod_container_status_restarts_total,load-generator,10.244.1.4:8080,prometheus.scrape.annotated_pods,nimbusguard,load-test-baseline-hj8q7,25091ec8-ac38-481c-9081-029ea50cfa4f
2025-07-12 05:37:28,0,kube_pod_container_status_restarts_total,load-generator,10.244.1.4:8080,prometheus.scrape.annotated_pods,nimbusguard,load-test-baseline-hj8q7,25091ec8-ac38-481c-9081-029ea50cfa4f
2025-07-12 05:38:28,0,kube_pod_container_status_restarts_total,load-generator,10.244.1.4:8080,prometheus.scrape.annotated_pods,nimbusguard,load-test-baseline-hj8q7,25091ec8-ac38-481c-9081-029ea50cfa4f
2025-07-12 05:39:28,0,kube_pod_container_status_restarts_total,load-generator,10.244.1.4:8080,prometheus.scrape.annotated_pods,nimbusguard,load-test-baseline-hj8q7,25091ec8-ac38-481c-9081-029ea50cfa4f
2025-07-12 05:40:28,0,kube_pod_container_status_restarts_total,load-generator,10.244.1.4:8080,prometheus.scrape.annotated_pods,nimbusguard,load-test-baseline-hj8q7,25091ec8-ac38-481c-9081-029ea50cfa4f
2025-07-12 05:41:28,0,kube_pod_container_status_restarts_total,load-generator,10.244.1.4:8080,prometheus.scrape.annotated_pods,nimbusguard,load-test-baseline-hj8q7,25091ec8-ac38-481c-9081-029ea50cfa4f
2025-07-12 05:42:28,0,kube_pod_container_status_restarts_total,load-generator,10.244.1.4:8080,prometheus.scrape.annotated_pods,nimbusguard,load-test-baseline-hj8q7,25091ec8-ac38-481c-9081-029ea50cfa4f
2025-07-12 05:43:28,0,kube_pod_container_status_restarts_total,load-generator,10.244.1.4:8080,prometheus.scrape.annotated_pods,nimbusguard,load-test-baseline-hj8q7,25091ec8-ac38-481c-9081-029ea50cfa4f
2025-07-12 05:44:28,0,kube_pod_container_status_restarts_total,load-generator,10.244.1.4:8080,prometheus.scrape.annotated_pods,nimbusguard,load-test-baseline-hj8q7,25091ec8-ac38-481c-9081-029ea50cfa4f
2025-07-12 05:45:28,0,kube_pod_container_status_restarts_total,load-generator,10.244.1.4:8080,prometheus.scrape.annotated_pods,nimbusguard,load-test-baseline-hj8q7,25091ec8-ac38-481c-9081-029ea50cfa4f
2025-07-12 05:46:28,0,kube_pod_container_status_restarts_total,load-generator,10.244.1.4:8080,prometheus.scrape.annotated_pods,nimbusguard,load-test-baseline-hj8q7,25091ec8-ac38-481c-9081-029ea50cfa4f
2025-07-12 05:47:28,0,kube_pod_container_status_restarts_total,load-generator,10.244.1.4:8080,prometheus.scrape.annotated_pods,nimbusguard,load-test-baseline-hj8q7,25091ec8-ac38-481c-9081-029ea50cfa4f
2025-07-12 05:48:28,0,kube_pod_container_status_restarts_total,load-generator,10.244.1.4:8080,prometheus.scrape.annotated_pods,nimbusguard,load-test-baseline-hj8q7,25091ec8-ac38-481c-9081-029ea50cfa4f
2025-07-12 05:49:28,0,kube_pod_container_status_restarts_total,load-generator,10.244.1.4:8080,prometheus.scrape.annotated_pods,nimbusguard,load-test-baseline-hj8q7,25091ec8-ac38-481c-9081-029ea50cfa4f
2025-07-12 05:50:28,0,kube_pod_container_status_restarts_total,load-generator,10.244.1.4:8080,prometheus.scrape.annotated_pods,nimbusguard,load-test-baseline-hj8q7,25091ec8-ac38-481c-9081-029ea50cfa4f
2025-07-12 05:51:28,0,kube_pod_container_status_restarts_total,load-generator,10.244.1.4:8080,prometheus.scrape.annotated_pods,nimbusguard,load-test-baseline-hj8q7,25091ec8-ac38-481c-9081-029ea50cfa4f
2025-07-12 05:52:28,0,kube_pod_container_status_restarts_total,load-generator,10.244.1.4:8080,prometheus.scrape.annotated_pods,nimbusguard,load-test-baseline-hj8q7,25091ec8-ac38-481c-9081-029ea50cfa4f
2025-07-12 05:53:28,0,kube_pod_container_status_restarts_total,load-generator,10.244.1.4:8080,prometheus.scrape.annotated_pods,nimbusguard,load-test-baseline-hj8q7,25091ec8-ac38-481c-9081-029ea50cfa4f
2025-07-12 05:54:28,0,kube_pod_container_status_restarts_total,load-generator,10.244.1.4:8080,prometheus.scrape.annotated_pods,nimbusguard,load-test-baseline-hj8q7,25091ec8-ac38-481c-9081-029ea50cfa4f
2025-07-12 05:55:28,0,kube_pod_container_status_restarts_total,load-generator,10.244.1.4:8080,prometheus.scrape.annotated_pods,nimbusguard,load-test-baseline-hj8q7,25091ec8-ac38-481c-9081-029ea50cfa4f
2025-07-12 05:56:28,0,kube_pod_container_status_restarts_total,load-generator,10.244.1.4:8080,prometheus.scrape.annotated_pods,nimbusguard,load-test-baseline-hj8q7,25091ec8-ac38-481c-9081-029ea50cfa4f
2025-07-12 05:57:28,0,kube_pod_container_status_restarts_total,load-generator,10.244.1.4:8080,prometheus.scrape.annotated_pods,nimbusguard,load-test-baseline-hj8q7,25091ec8-ac38-481c-9081-029ea50cfa4f
2025-07-12 05:58:28,0,kube_pod_container_status_restarts_total,load-generator,10.244.1.4:8080,prometheus.scrape.annotated_pods,nimbusguard,load-test-baseline-hj8q7,25091ec8-ac38-481c-9081-029ea50cfa4f
2025-07-12 05:59:28,0,kube_pod_container_status_restarts_total,load-generator,10.244.1.4:8080,prometheus.scrape.annotated_pods,nimbusguard,load-test-baseline-hj8q7,25091ec8-ac38-481c-9081-029ea50cfa4f
2025-07-12 06:00:28,0,kube_pod_container_status_restarts_total,load-generator,10.244.1.4:8080,prometheus.scrape.annotated_pods,nimbusguard,load-test-baseline-hj8q7,25091ec8-ac38-481c-9081-029ea50cfa4f
2025-07-12 06:01:28,0,kube_pod_container_status_restarts_total,load-generator,10.244.1.4:8080,prometheus.scrape.annotated_pods,nimbusguard,load-test-baseline-hj8q7,25091ec8-ac38-481c-9081-029ea50cfa4f
2025-07-12 06:02:28,0,kube_pod_container_status_restarts_total,load-generator,10.244.1.4:8080,prometheus.scrape.annotated_pods,nimbusguard,load-test-baseline-hj8q7,25091ec8-ac38-481c-9081-029ea50cfa4f
2025-07-12 06:03:28,0,kube_pod_container_status_restarts_total,load-generator,10.244.1.4:8080,prometheus.scrape.annotated_pods,nimbusguard,load-test-baseline-hj8q7,25091ec8-ac38-481c-9081-029ea50cfa4f
2025-07-12 06:04:28,0,kube_pod_container_status_restarts_total,load-generator,10.244.1.4:8080,prometheus.scrape.annotated_pods,nimbusguard,load-test-baseline-hj8q7,25091ec8-ac38-481c-9081-029ea50cfa4f
2025-07-12 06:05:28,0,kube_pod_container_status_restarts_total,load-generator,10.244.1.4:8080,prometheus.scrape.annotated_pods,nimbusguard,load-test-baseline-hj8q7,25091ec8-ac38-481c-9081-029ea50cfa4f
2025-07-12 05:31:28,0,kube_pod_container_status_restarts_total,load-generator,kube-state-metrics.nimbusguard.svc:8080,prometheus.scrape.kube_state_metrics,nimbusguard,load-test-baseline-hj8q7,25091ec8-ac38-481c-9081-029ea50cfa4f
2025-07-12 05:32:28,0,kube_pod_container_status_restarts_total,load-generator,kube-state-metrics.nimbusguard.svc:8080,prometheus.scrape.kube_state_metrics,nimbusguard,load-test-baseline-hj8q7,25091ec8-ac38-481c-9081-029ea50cfa4f
2025-07-12 05:33:28,0,kube_pod_container_status_restarts_total,load-generator,kube-state-metrics.nimbusguard.svc:8080,prometheus.scrape.kube_state_metrics,nimbusguard,load-test-baseline-hj8q7,25091ec8-ac38-481c-9081-029ea50cfa4f
2025-07-12 05:34:28,0,kube_pod_container_status_restarts_total,load-generator,kube-state-metrics.nimbusguard.svc:8080,prometheus.scrape.kube_state_metrics,nimbusguard,load-test-baseline-hj8q7,25091ec8-ac38-481c-9081-029ea50cfa4f
2025-07-12 05:35:28,0,kube_pod_container_status_restarts_total,load-generator,kube-state-metrics.nimbusguard.svc:8080,prometheus.scrape.kube_state_metrics,nimbusguard,load-test-baseline-hj8q7,25091ec8-ac38-481c-9081-029ea50cfa4f
2025-07-12 05:36:28,0,kube_pod_container_status_restarts_total,load-generator,kube-state-metrics.nimbusguard.svc:8080,prometheus.scrape.kube_state_metrics,nimbusguard,load-test-baseline-hj8q7,25091ec8-ac38-481c-9081-029ea50cfa4f
2025-07-12 05:37:28,0,kube_pod_container_status_restarts_total,load-generator,kube-state-metrics.nimbusguard.svc:8080,prometheus.scrape.kube_state_metrics,nimbusguard,load-test-baseline-hj8q7,25091ec8-ac38-481c-9081-029ea50cfa4f
2025-07-12 05:38:28,0,kube_pod_container_status_restarts_total,load-generator,kube-state-metrics.nimbusguard.svc:8080,prometheus.scrape.kube_state_metrics,nimbusguard,load-test-baseline-hj8q7,25091ec8-ac38-481c-9081-029ea50cfa4f
2025-07-12 05:39:28,0,kube_pod_container_status_restarts_total,load-generator,kube-state-metrics.nimbusguard.svc:8080,prometheus.scrape.kube_state_metrics,nimbusguard,load-test-baseline-hj8q7,25091ec8-ac38-481c-9081-029ea50cfa4f
2025-07-12 05:40:28,0,kube_pod_container_status_restarts_total,load-generator,kube-state-metrics.nimbusguard.svc:8080,prometheus.scrape.kube_state_metrics,nimbusguard,load-test-baseline-hj8q7,25091ec8-ac38-481c-9081-029ea50cfa4f
2025-07-12 05:41:28,0,kube_pod_container_status_restarts_total,load-generator,kube-state-metrics.nimbusguard.svc:8080,prometheus.scrape.kube_state_metrics,nimbusguard,load-test-baseline-hj8q7,25091ec8-ac38-481c-9081-029ea50cfa4f
2025-07-12 05:42:28,0,kube_pod_container_status_restarts_total,load-generator,kube-state-metrics.nimbusguard.svc:8080,prometheus.scrape.kube_state_metrics,nimbusguard,load-test-baseline-hj8q7,25091ec8-ac38-481c-9081-029ea50cfa4f
2025-07-12 05:43:28,0,kube_pod_container_status_restarts_total,load-generator,kube-state-metrics.nimbusguard.svc:8080,prometheus.scrape.kube_state_metrics,nimbusguard,load-test-baseline-hj8q7,25091ec8-ac38-481c-9081-029ea50cfa4f
2025-07-12 05:44:28,0,kube_pod_container_status_restarts_total,load-generator,kube-state-metrics.nimbusguard.svc:8080,prometheus.scrape.kube_state_metrics,nimbusguard,load-test-baseline-hj8q7,25091ec8-ac38-481c-9081-029ea50cfa4f
2025-07-12 05:45:28,0,kube_pod_container_status_restarts_total,load-generator,kube-state-metrics.nimbusguard.svc:8080,prometheus.scrape.kube_state_metrics,nimbusguard,load-test-baseline-hj8q7,25091ec8-ac38-481c-9081-029ea50cfa4f
2025-07-12 05:46:28,0,kube_pod_container_status_restarts_total,load-generator,kube-state-metrics.nimbusguard.svc:8080,prometheus.scrape.kube_state_metrics,nimbusguard,load-test-baseline-hj8q7,25091ec8-ac38-481c-9081-029ea50cfa4f
2025-07-12 05:47:28,0,kube_pod_container_status_restarts_total,load-generator,kube-state-metrics.nimbusguard.svc:8080,prometheus.scrape.kube_state_metrics,nimbusguard,load-test-baseline-hj8q7,25091ec8-ac38-481c-9081-029ea50cfa4f
2025-07-12 05:48:28,0,kube_pod_container_status_restarts_total,load-generator,kube-state-metrics.nimbusguard.svc:8080,prometheus.scrape.kube_state_metrics,nimbusguard,load-test-baseline-hj8q7,25091ec8-ac38-481c-9081-029ea50cfa4f
2025-07-12 05:49:28,0,kube_pod_container_status_restarts_total,load-generator,kube-state-metrics.nimbusguard.svc:8080,prometheus.scrape.kube_state_metrics,nimbusguard,load-test-baseline-hj8q7,25091ec8-ac38-481c-9081-029ea50cfa4f
2025-07-12 05:50:28,0,kube_pod_container_status_restarts_total,load-generator,kube-state-metrics.nimbusguard.svc:8080,prometheus.scrape.kube_state_metrics,nimbusguard,load-test-baseline-hj8q7,25091ec8-ac38-481c-9081-029ea50cfa4f
2025-07-12 05:51:28,0,kube_pod_container_status_restarts_total,load-generator,kube-state-metrics.nimbusguard.svc:8080,prometheus.scrape.kube_state_metrics,nimbusguard,load-test-baseline-hj8q7,25091ec8-ac38-481c-9081-029ea50cfa4f
2025-07-12 05:52:28,0,kube_pod_container_status_restarts_total,load-generator,kube-state-metrics.nimbusguard.svc:8080,prometheus.scrape.kube_state_metrics,nimbusguard,load-test-baseline-hj8q7,25091ec8-ac38-481c-9081-029ea50cfa4f
2025-07-12 05:53:28,0,kube_pod_container_status_restarts_total,load-generator,kube-state-metrics.nimbusguard.svc:8080,prometheus.scrape.kube_state_metrics,nimbusguard,load-test-baseline-hj8q7,25091ec8-ac38-481c-9081-029ea50cfa4f
2025-07-12 05:54:28,0,kube_pod_container_status_restarts_total,load-generator,kube-state-metrics.nimbusguard.svc:8080,prometheus.scrape.kube_state_metrics,nimbusguard,load-test-baseline-hj8q7,25091ec8-ac38-481c-9081-029ea50cfa4f
2025-07-12 05:55:28,0,kube_pod_container_status_restarts_total,load-generator,kube-state-metrics.nimbusguard.svc:8080,prometheus.scrape.kube_state_metrics,nimbusguard,load-test-baseline-hj8q7,25091ec8-ac38-481c-9081-029ea50cfa4f
2025-07-12 05:56:28,0,kube_pod_container_status_restarts_total,load-generator,kube-state-metrics.nimbusguard.svc:8080,prometheus.scrape.kube_state_metrics,nimbusguard,load-test-baseline-hj8q7,25091ec8-ac38-481c-9081-029ea50cfa4f
2025-07-12 05:57:28,0,kube_pod_container_status_restarts_total,load-generator,kube-state-metrics.nimbusguard.svc:8080,prometheus.scrape.kube_state_metrics,nimbusguard,load-test-baseline-hj8q7,25091ec8-ac38-481c-9081-029ea50cfa4f
2025-07-12 05:58:28,0,kube_pod_container_status_restarts_total,load-generator,kube-state-metrics.nimbusguard.svc:8080,prometheus.scrape.kube_state_metrics,nimbusguard,load-test-baseline-hj8q7,25091ec8-ac38-481c-9081-029ea50cfa4f
2025-07-12 05:59:28,0,kube_pod_container_status_restarts_total,load-generator,kube-state-metrics.nimbusguard.svc:8080,prometheus.scrape.kube_state_metrics,nimbusguard,load-test-baseline-hj8q7,25091ec8-ac38-481c-9081-029ea50cfa4f
2025-07-12 06:00:28,0,kube_pod_container_status_restarts_total,load-generator,kube-state-metrics.nimbusguard.svc:8080,prometheus.scrape.kube_state_metrics,nimbusguard,load-test-baseline-hj8q7,25091ec8-ac38-481c-9081-029ea50cfa4f
2025-07-12 06:01:28,0,kube_pod_container_status_restarts_total,load-generator,kube-state-metrics.nimbusguard.svc:8080,prometheus.scrape.kube_state_metrics,nimbusguard,load-test-baseline-hj8q7,25091ec8-ac38-481c-9081-029ea50cfa4f
2025-07-12 06:02:28,0,kube_pod_container_status_restarts_total,load-generator,kube-state-metrics.nimbusguard.svc:8080,prometheus.scrape.kube_state_metrics,nimbusguard,load-test-baseline-hj8q7,25091ec8-ac38-481c-9081-029ea50cfa4f
2025-07-12 06:03:28,0,kube_pod_container_status_restarts_total,load-generator,kube-state-metrics.nimbusguard.svc:8080,prometheus.scrape.kube_state_metrics,nimbusguard,load-test-baseline-hj8q7,25091ec8-ac38-481c-9081-029ea50cfa4f
2025-07-12 06:04:28,0,kube_pod_container_status_restarts_total,load-generator,kube-state-metrics.nimbusguard.svc:8080,prometheus.scrape.kube_state_metrics,nimbusguard,load-test-baseline-hj8q7,25091ec8-ac38-481c-9081-029ea50cfa4f
2025-07-12 06:05:28,0,kube_pod_container_status_restarts_total,load-generator,kube-state-metrics.nimbusguard.svc:8080,prometheus.scrape.kube_state_metrics,nimbusguard,load-test-baseline-hj8q7,25091ec8-ac38-481c-9081-029ea50cfa4f
2025-07-12 06:06:28,0,kube_pod_container_status_restarts_total,load-generator,kube-state-metrics.nimbusguard.svc:8080,prometheus.scrape.kube_state_metrics,nimbusguard,load-test-baseline-hj8q7,25091ec8-ac38-481c-9081-029ea50cfa4f
2025-07-12 06:07:28,0,kube_pod_container_status_restarts_total,load-generator,kube-state-metrics.nimbusguard.svc:8080,prometheus.scrape.kube_state_metrics,nimbusguard,load-test-baseline-hj8q7,25091ec8-ac38-481c-9081-029ea50cfa4f
2025-07-12 06:08:28,0,kube_pod_container_status_restarts_total,load-generator,kube-state-metrics.nimbusguard.svc:8080,prometheus.scrape.kube_state_metrics,nimbusguard,load-test-baseline-hj8q7,25091ec8-ac38-481c-9081-029ea50cfa4f
2025-07-12 06:09:28,0,kube_pod_container_status_restarts_total,load-generator,kube-state-metrics.nimbusguard.svc:8080,prometheus.scrape.kube_state_metrics,nimbusguard,load-test-baseline-hj8q7,25091ec8-ac38-481c-9081-029ea50cfa4f
2025-07-12 06:10:28,0,kube_pod_container_status_restarts_total,load-generator,kube-state-metrics.nimbusguard.svc:8080,prometheus.scrape.kube_state_metrics,nimbusguard,load-test-baseline-hj8q7,25091ec8-ac38-481c-9081-029ea50cfa4f
2025-07-12 05:29:28,2,kube_pod_container_status_restarts_total,local-path-provisioner,10.244.1.4:8080,prometheus.scrape.annotated_pods,local-path-storage,local-path-provisioner-7dc846544d-fdt7q,7719069c-f340-45db-a77d-4954cb99061d
2025-07-12 05:30:28,2,kube_pod_container_status_restarts_total,local-path-provisioner,10.244.1.4:8080,prometheus.scrape.annotated_pods,local-path-storage,local-path-provisioner-7dc846544d-fdt7q,7719069c-f340-45db-a77d-4954cb99061d
2025-07-12 05:31:28,2,kube_pod_container_status_restarts_total,local-path-provisioner,10.244.1.4:8080,prometheus.scrape.annotated_pods,local-path-storage,local-path-provisioner-7dc846544d-fdt7q,7719069c-f340-45db-a77d-4954cb99061d
2025-07-12 05:32:28,2,kube_pod_container_status_restarts_total,local-path-provisioner,10.244.1.4:8080,prometheus.scrape.annotated_pods,local-path-storage,local-path-provisioner-7dc846544d-fdt7q,7719069c-f340-45db-a77d-4954cb99061d
2025-07-12 05:33:28,2,kube_pod_container_status_restarts_total,local-path-provisioner,10.244.1.4:8080,prometheus.scrape.annotated_pods,local-path-storage,local-path-provisioner-7dc846544d-fdt7q,7719069c-f340-45db-a77d-4954cb99061d
2025-07-12 05:34:28,2,kube_pod_container_status_restarts_total,local-path-provisioner,10.244.1.4:8080,prometheus.scrape.annotated_pods,local-path-storage,local-path-provisioner-7dc846544d-fdt7q,7719069c-f340-45db-a77d-4954cb99061d
2025-07-12 05:35:28,2,kube_pod_container_status_restarts_total,local-path-provisioner,10.244.1.4:8080,prometheus.scrape.annotated_pods,local-path-storage,local-path-provisioner-7dc846544d-fdt7q,7719069c-f340-45db-a77d-4954cb99061d
2025-07-12 05:36:28,2,kube_pod_container_status_restarts_total,local-path-provisioner,10.244.1.4:8080,prometheus.scrape.annotated_pods,local-path-storage,local-path-provisioner-7dc846544d-fdt7q,7719069c-f340-45db-a77d-4954cb99061d
2025-07-12 05:37:28,2,kube_pod_container_status_restarts_total,local-path-provisioner,10.244.1.4:8080,prometheus.scrape.annotated_pods,local-path-storage,local-path-provisioner-7dc846544d-fdt7q,7719069c-f340-45db-a77d-4954cb99061d
2025-07-12 05:38:28,2,kube_pod_container_status_restarts_total,local-path-provisioner,10.244.1.4:8080,prometheus.scrape.annotated_pods,local-path-storage,local-path-provisioner-7dc846544d-fdt7q,7719069c-f340-45db-a77d-4954cb99061d
2025-07-12 05:39:28,2,kube_pod_container_status_restarts_total,local-path-provisioner,10.244.1.4:8080,prometheus.scrape.annotated_pods,local-path-storage,local-path-provisioner-7dc846544d-fdt7q,7719069c-f340-45db-a77d-4954cb99061d
2025-07-12 05:40:28,2,kube_pod_container_status_restarts_total,local-path-provisioner,10.244.1.4:8080,prometheus.scrape.annotated_pods,local-path-storage,local-path-provisioner-7dc846544d-fdt7q,7719069c-f340-45db-a77d-4954cb99061d
2025-07-12 05:41:28,2,kube_pod_container_status_restarts_total,local-path-provisioner,10.244.1.4:8080,prometheus.scrape.annotated_pods,local-path-storage,local-path-provisioner-7dc846544d-fdt7q,7719069c-f340-45db-a77d-4954cb99061d
2025-07-12 05:42:28,2,kube_pod_container_status_restarts_total,local-path-provisioner,10.244.1.4:8080,prometheus.scrape.annotated_pods,local-path-storage,local-path-provisioner-7dc846544d-fdt7q,7719069c-f340-45db-a77d-4954cb99061d
2025-07-12 05:43:28,2,kube_pod_container_status_restarts_total,local-path-provisioner,10.244.1.4:8080,prometheus.scrape.annotated_pods,local-path-storage,local-path-provisioner-7dc846544d-fdt7q,7719069c-f340-45db-a77d-4954cb99061d
2025-07-12 05:44:28,2,kube_pod_container_status_restarts_total,local-path-provisioner,10.244.1.4:8080,prometheus.scrape.annotated_pods,local-path-storage,local-path-provisioner-7dc846544d-fdt7q,7719069c-f340-45db-a77d-4954cb99061d
2025-07-12 05:45:28,2,kube_pod_container_status_restarts_total,local-path-provisioner,10.244.1.4:8080,prometheus.scrape.annotated_pods,local-path-storage,local-path-provisioner-7dc846544d-fdt7q,7719069c-f340-45db-a77d-4954cb99061d
2025-07-12 05:46:28,2,kube_pod_container_status_restarts_total,local-path-provisioner,10.244.1.4:8080,prometheus.scrape.annotated_pods,local-path-storage,local-path-provisioner-7dc846544d-fdt7q,7719069c-f340-45db-a77d-4954cb99061d
2025-07-12 05:47:28,2,kube_pod_container_status_restarts_total,local-path-provisioner,10.244.1.4:8080,prometheus.scrape.annotated_pods,local-path-storage,local-path-provisioner-7dc846544d-fdt7q,7719069c-f340-45db-a77d-4954cb99061d
2025-07-12 05:48:28,2,kube_pod_container_status_restarts_total,local-path-provisioner,10.244.1.4:8080,prometheus.scrape.annotated_pods,local-path-storage,local-path-provisioner-7dc846544d-fdt7q,7719069c-f340-45db-a77d-4954cb99061d
2025-07-12 05:49:28,2,kube_pod_container_status_restarts_total,local-path-provisioner,10.244.1.4:8080,prometheus.scrape.annotated_pods,local-path-storage,local-path-provisioner-7dc846544d-fdt7q,7719069c-f340-45db-a77d-4954cb99061d
2025-07-12 05:50:28,2,kube_pod_container_status_restarts_total,local-path-provisioner,10.244.1.4:8080,prometheus.scrape.annotated_pods,local-path-storage,local-path-provisioner-7dc846544d-fdt7q,7719069c-f340-45db-a77d-4954cb99061d
2025-07-12 05:51:28,2,kube_pod_container_status_restarts_total,local-path-provisioner,10.244.1.4:8080,prometheus.scrape.annotated_pods,local-path-storage,local-path-provisioner-7dc846544d-fdt7q,7719069c-f340-45db-a77d-4954cb99061d
2025-07-12 05:52:28,2,kube_pod_container_status_restarts_total,local-path-provisioner,10.244.1.4:8080,prometheus.scrape.annotated_pods,local-path-storage,local-path-provisioner-7dc846544d-fdt7q,7719069c-f340-45db-a77d-4954cb99061d
2025-07-12 05:53:28,2,kube_pod_container_status_restarts_total,local-path-provisioner,10.244.1.4:8080,prometheus.scrape.annotated_pods,local-path-storage,local-path-provisioner-7dc846544d-fdt7q,7719069c-f340-45db-a77d-4954cb99061d
2025-07-12 05:54:28,2,kube_pod_container_status_restarts_total,local-path-provisioner,10.244.1.4:8080,prometheus.scrape.annotated_pods,local-path-storage,local-path-provisioner-7dc846544d-fdt7q,7719069c-f340-45db-a77d-4954cb99061d
2025-07-12 05:55:28,2,kube_pod_container_status_restarts_total,local-path-provisioner,10.244.1.4:8080,prometheus.scrape.annotated_pods,local-path-storage,local-path-provisioner-7dc846544d-fdt7q,7719069c-f340-45db-a77d-4954cb99061d
2025-07-12 05:56:28,2,kube_pod_container_status_restarts_total,local-path-provisioner,10.244.1.4:8080,prometheus.scrape.annotated_pods,local-path-storage,local-path-provisioner-7dc846544d-fdt7q,7719069c-f340-45db-a77d-4954cb99061d
2025-07-12 05:57:28,2,kube_pod_container_status_restarts_total,local-path-provisioner,10.244.1.4:8080,prometheus.scrape.annotated_pods,local-path-storage,local-path-provisioner-7dc846544d-fdt7q,7719069c-f340-45db-a77d-4954cb99061d
2025-07-12 05:58:28,2,kube_pod_container_status_restarts_total,local-path-provisioner,10.244.1.4:8080,prometheus.scrape.annotated_pods,local-path-storage,local-path-provisioner-7dc846544d-fdt7q,7719069c-f340-45db-a77d-4954cb99061d
2025-07-12 05:59:28,2,kube_pod_container_status_restarts_total,local-path-provisioner,10.244.1.4:8080,prometheus.scrape.annotated_pods,local-path-storage,local-path-provisioner-7dc846544d-fdt7q,7719069c-f340-45db-a77d-4954cb99061d
2025-07-12 06:00:28,2,kube_pod_container_status_restarts_total,local-path-provisioner,10.244.1.4:8080,prometheus.scrape.annotated_pods,local-path-storage,local-path-provisioner-7dc846544d-fdt7q,7719069c-f340-45db-a77d-4954cb99061d
2025-07-12 06:01:28,2,kube_pod_container_status_restarts_total,local-path-provisioner,10.244.1.4:8080,prometheus.scrape.annotated_pods,local-path-storage,local-path-provisioner-7dc846544d-fdt7q,7719069c-f340-45db-a77d-4954cb99061d
2025-07-12 06:02:28,2,kube_pod_container_status_restarts_total,local-path-provisioner,10.244.1.4:8080,prometheus.scrape.annotated_pods,local-path-storage,local-path-provisioner-7dc846544d-fdt7q,7719069c-f340-45db-a77d-4954cb99061d
2025-07-12 06:03:28,2,kube_pod_container_status_restarts_total,local-path-provisioner,10.244.1.4:8080,prometheus.scrape.annotated_pods,local-path-storage,local-path-provisioner-7dc846544d-fdt7q,7719069c-f340-45db-a77d-4954cb99061d
2025-07-12 06:04:28,2,kube_pod_container_status_restarts_total,local-path-provisioner,10.244.1.4:8080,prometheus.scrape.annotated_pods,local-path-storage,local-path-provisioner-7dc846544d-fdt7q,7719069c-f340-45db-a77d-4954cb99061d
2025-07-12 06:05:28,2,kube_pod_container_status_restarts_total,local-path-provisioner,10.244.1.4:8080,prometheus.scrape.annotated_pods,local-path-storage,local-path-provisioner-7dc846544d-fdt7q,7719069c-f340-45db-a77d-4954cb99061d
2025-07-12 06:06:28,2,kube_pod_container_status_restarts_total,local-path-provisioner,10.244.1.4:8080,prometheus.scrape.annotated_pods,local-path-storage,local-path-provisioner-7dc846544d-fdt7q,7719069c-f340-45db-a77d-4954cb99061d
2025-07-12 06:07:28,2,kube_pod_container_status_restarts_total,local-path-provisioner,10.244.1.4:8080,prometheus.scrape.annotated_pods,local-path-storage,local-path-provisioner-7dc846544d-fdt7q,7719069c-f340-45db-a77d-4954cb99061d
2025-07-12 06:08:28,2,kube_pod_container_status_restarts_total,local-path-provisioner,10.244.1.4:8080,prometheus.scrape.annotated_pods,local-path-storage,local-path-provisioner-7dc846544d-fdt7q,7719069c-f340-45db-a77d-4954cb99061d
2025-07-12 06:09:28,2,kube_pod_container_status_restarts_total,local-path-provisioner,10.244.1.4:8080,prometheus.scrape.annotated_pods,local-path-storage,local-path-provisioner-7dc846544d-fdt7q,7719069c-f340-45db-a77d-4954cb99061d
2025-07-12 06:10:28,2,kube_pod_container_status_restarts_total,local-path-provisioner,10.244.1.4:8080,prometheus.scrape.annotated_pods,local-path-storage,local-path-provisioner-7dc846544d-fdt7q,7719069c-f340-45db-a77d-4954cb99061d
2025-07-12 06:11:28,2,kube_pod_container_status_restarts_total,local-path-provisioner,10.244.1.4:8080,prometheus.scrape.annotated_pods,local-path-storage,local-path-provisioner-7dc846544d-fdt7q,7719069c-f340-45db-a77d-4954cb99061d
2025-07-12 06:12:28,2,kube_pod_container_status_restarts_total,local-path-provisioner,10.244.1.4:8080,prometheus.scrape.annotated_pods,local-path-storage,local-path-provisioner-7dc846544d-fdt7q,7719069c-f340-45db-a77d-4954cb99061d
2025-07-12 06:13:28,2,kube_pod_container_status_restarts_total,local-path-provisioner,10.244.1.4:8080,prometheus.scrape.annotated_pods,local-path-storage,local-path-provisioner-7dc846544d-fdt7q,7719069c-f340-45db-a77d-4954cb99061d
2025-07-12 05:30:28,2,kube_pod_container_status_restarts_total,local-path-provisioner,kube-state-metrics.nimbusguard.svc:8080,prometheus.scrape.kube_state_metrics,local-path-storage,local-path-provisioner-7dc846544d-fdt7q,7719069c-f340-45db-a77d-4954cb99061d
2025-07-12 05:31:28,2,kube_pod_container_status_restarts_total,local-path-provisioner,kube-state-metrics.nimbusguard.svc:8080,prometheus.scrape.kube_state_metrics,local-path-storage,local-path-provisioner-7dc846544d-fdt7q,7719069c-f340-45db-a77d-4954cb99061d
2025-07-12 05:32:28,2,kube_pod_container_status_restarts_total,local-path-provisioner,kube-state-metrics.nimbusguard.svc:8080,prometheus.scrape.kube_state_metrics,local-path-storage,local-path-provisioner-7dc846544d-fdt7q,7719069c-f340-45db-a77d-4954cb99061d
2025-07-12 05:33:28,2,kube_pod_container_status_restarts_total,local-path-provisioner,kube-state-metrics.nimbusguard.svc:8080,prometheus.scrape.kube_state_metrics,local-path-storage,local-path-provisioner-7dc846544d-fdt7q,7719069c-f340-45db-a77d-4954cb99061d
2025-07-12 05:34:28,2,kube_pod_container_status_restarts_total,local-path-provisioner,kube-state-metrics.nimbusguard.svc:8080,prometheus.scrape.kube_state_metrics,local-path-storage,local-path-provisioner-7dc846544d-fdt7q,7719069c-f340-45db-a77d-4954cb99061d
2025-07-12 05:35:28,2,kube_pod_container_status_restarts_total,local-path-provisioner,kube-state-metrics.nimbusguard.svc:8080,prometheus.scrape.kube_state_metrics,local-path-storage,local-path-provisioner-7dc846544d-fdt7q,7719069c-f340-45db-a77d-4954cb99061d
2025-07-12 05:36:28,2,kube_pod_container_status_restarts_total,local-path-provisioner,kube-state-metrics.nimbusguard.svc:8080,prometheus.scrape.kube_state_metrics,local-path-storage,local-path-provisioner-7dc846544d-fdt7q,7719069c-f340-45db-a77d-4954cb99061d
2025-07-12 05:37:28,2,kube_pod_container_status_restarts_total,local-path-provisioner,kube-state-metrics.nimbusguard.svc:8080,prometheus.scrape.kube_state_metrics,local-path-storage,local-path-provisioner-7dc846544d-fdt7q,7719069c-f340-45db-a77d-4954cb99061d
2025-07-12 05:38:28,2,kube_pod_container_status_restarts_total,local-path-provisioner,kube-state-metrics.nimbusguard.svc:8080,prometheus.scrape.kube_state_metrics,local-path-storage,local-path-provisioner-7dc846544d-fdt7q,7719069c-f340-45db-a77d-4954cb99061d
2025-07-12 05:39:28,2,kube_pod_container_status_restarts_total,local-path-provisioner,kube-state-metrics.nimbusguard.svc:8080,prometheus.scrape.kube_state_metrics,local-path-storage,local-path-provisioner-7dc846544d-fdt7q,7719069c-f340-45db-a77d-4954cb99061d
2025-07-12 05:40:28,2,kube_pod_container_status_restarts_total,local-path-provisioner,kube-state-metrics.nimbusguard.svc:8080,prometheus.scrape.kube_state_metrics,local-path-storage,local-path-provisioner-7dc846544d-fdt7q,7719069c-f340-45db-a77d-4954cb99061d
2025-07-12 05:41:28,2,kube_pod_container_status_restarts_total,local-path-provisioner,kube-state-metrics.nimbusguard.svc:8080,prometheus.scrape.kube_state_metrics,local-path-storage,local-path-provisioner-7dc846544d-fdt7q,7719069c-f340-45db-a77d-4954cb99061d
2025-07-12 05:42:28,2,kube_pod_container_status_restarts_total,local-path-provisioner,kube-state-metrics.nimbusguard.svc:8080,prometheus.scrape.kube_state_metrics,local-path-storage,local-path-provisioner-7dc846544d-fdt7q,7719069c-f340-45db-a77d-4954cb99061d
2025-07-12 05:43:28,2,kube_pod_container_status_restarts_total,local-path-provisioner,kube-state-metrics.nimbusguard.svc:8080,prometheus.scrape.kube_state_metrics,local-path-storage,local-path-provisioner-7dc846544d-fdt7q,7719069c-f340-45db-a77d-4954cb99061d
2025-07-12 05:44:28,2,kube_pod_container_status_restarts_total,local-path-provisioner,kube-state-metrics.nimbusguard.svc:8080,prometheus.scrape.kube_state_metrics,local-path-storage,local-path-provisioner-7dc846544d-fdt7q,7719069c-f340-45db-a77d-4954cb99061d
2025-07-12 05:45:28,2,kube_pod_container_status_restarts_total,local-path-provisioner,kube-state-metrics.nimbusguard.svc:8080,prometheus.scrape.kube_state_metrics,local-path-storage,local-path-provisioner-7dc846544d-fdt7q,7719069c-f340-45db-a77d-4954cb99061d
2025-07-12 05:46:28,2,kube_pod_container_status_restarts_total,local-path-provisioner,kube-state-metrics.nimbusguard.svc:8080,prometheus.scrape.kube_state_metrics,local-path-storage,local-path-provisioner-7dc846544d-fdt7q,7719069c-f340-45db-a77d-4954cb99061d
2025-07-12 05:47:28,2,kube_pod_container_status_restarts_total,local-path-provisioner,kube-state-metrics.nimbusguard.svc:8080,prometheus.scrape.kube_state_metrics,local-path-storage,local-path-provisioner-7dc846544d-fdt7q,7719069c-f340-45db-a77d-4954cb99061d
2025-07-12 05:48:28,2,kube_pod_container_status_restarts_total,local-path-provisioner,kube-state-metrics.nimbusguard.svc:8080,prometheus.scrape.kube_state_metrics,local-path-storage,local-path-provisioner-7dc846544d-fdt7q,7719069c-f340-45db-a77d-4954cb99061d
2025-07-12 05:49:28,2,kube_pod_container_status_restarts_total,local-path-provisioner,kube-state-metrics.nimbusguard.svc:8080,prometheus.scrape.kube_state_metrics,local-path-storage,local-path-provisioner-7dc846544d-fdt7q,7719069c-f340-45db-a77d-4954cb99061d
2025-07-12 05:50:28,2,kube_pod_container_status_restarts_total,local-path-provisioner,kube-state-metrics.nimbusguard.svc:8080,prometheus.scrape.kube_state_metrics,local-path-storage,local-path-provisioner-7dc846544d-fdt7q,7719069c-f340-45db-a77d-4954cb99061d
2025-07-12 05:51:28,2,kube_pod_container_status_restarts_total,local-path-provisioner,kube-state-metrics.nimbusguard.svc:8080,prometheus.scrape.kube_state_metrics,local-path-storage,local-path-provisioner-7dc846544d-fdt7q,7719069c-f340-45db-a77d-4954cb99061d
2025-07-12 05:52:28,2,kube_pod_container_status_restarts_total,local-path-provisioner,kube-state-metrics.nimbusguard.svc:8080,prometheus.scrape.kube_state_metrics,local-path-storage,local-path-provisioner-7dc846544d-fdt7q,7719069c-f340-45db-a77d-4954cb99061d
2025-07-12 05:53:28,2,kube_pod_container_status_restarts_total,local-path-provisioner,kube-state-metrics.nimbusguard.svc:8080,prometheus.scrape.kube_state_metrics,local-path-storage,local-path-provisioner-7dc846544d-fdt7q,7719069c-f340-45db-a77d-4954cb99061d
2025-07-12 05:54:28,2,kube_pod_container_status_restarts_total,local-path-provisioner,kube-state-metrics.nimbusguard.svc:8080,prometheus.scrape.kube_state_metrics,local-path-storage,local-path-provisioner-7dc846544d-fdt7q,7719069c-f340-45db-a77d-4954cb99061d
2025-07-12 05:55:28,2,kube_pod_container_status_restarts_total,local-path-provisioner,kube-state-metrics.nimbusguard.svc:8080,prometheus.scrape.kube_state_metrics,local-path-storage,local-path-provisioner-7dc846544d-fdt7q,7719069c-f340-45db-a77d-4954cb99061d
2025-07-12 05:56:28,2,kube_pod_container_status_restarts_total,local-path-provisioner,kube-state-metrics.nimbusguard.svc:8080,prometheus.scrape.kube_state_metrics,local-path-storage,local-path-provisioner-7dc846544d-fdt7q,7719069c-f340-45db-a77d-4954cb99061d
2025-07-12 05:57:28,2,kube_pod_container_status_restarts_total,local-path-provisioner,kube-state-metrics.nimbusguard.svc:8080,prometheus.scrape.kube_state_metrics,local-path-storage,local-path-provisioner-7dc846544d-fdt7q,7719069c-f340-45db-a77d-4954cb99061d
2025-07-12 05:58:28,2,kube_pod_container_status_restarts_total,local-path-provisioner,kube-state-metrics.nimbusguard.svc:8080,prometheus.scrape.kube_state_metrics,local-path-storage,local-path-provisioner-7dc846544d-fdt7q,7719069c-f340-45db-a77d-4954cb99061d
2025-07-12 05:59:28,2,kube_pod_container_status_restarts_total,local-path-provisioner,kube-state-metrics.nimbusguard.svc:8080,prometheus.scrape.kube_state_metrics,local-path-storage,local-path-provisioner-7dc846544d-fdt7q,7719069c-f340-45db-a77d-4954cb99061d
2025-07-12 06:00:28,2,kube_pod_container_status_restarts_total,local-path-provisioner,kube-state-metrics.nimbusguard.svc:8080,prometheus.scrape.kube_state_metrics,local-path-storage,local-path-provisioner-7dc846544d-fdt7q,7719069c-f340-45db-a77d-4954cb99061d
2025-07-12 06:01:28,2,kube_pod_container_status_restarts_total,local-path-provisioner,kube-state-metrics.nimbusguard.svc:8080,prometheus.scrape.kube_state_metrics,local-path-storage,local-path-provisioner-7dc846544d-fdt7q,7719069c-f340-45db-a77d-4954cb99061d
2025-07-12 06:02:28,2,kube_pod_container_status_restarts_total,local-path-provisioner,kube-state-metrics.nimbusguard.svc:8080,prometheus.scrape.kube_state_metrics,local-path-storage,local-path-provisioner-7dc846544d-fdt7q,7719069c-f340-45db-a77d-4954cb99061d
2025-07-12 06:03:28,2,kube_pod_container_status_restarts_total,local-path-provisioner,kube-state-metrics.nimbusguard.svc:8080,prometheus.scrape.kube_state_metrics,local-path-storage,local-path-provisioner-7dc846544d-fdt7q,7719069c-f340-45db-a77d-4954cb99061d
2025-07-12 06:04:28,2,kube_pod_container_status_restarts_total,local-path-provisioner,kube-state-metrics.nimbusguard.svc:8080,prometheus.scrape.kube_state_metrics,local-path-storage,local-path-provisioner-7dc846544d-fdt7q,7719069c-f340-45db-a77d-4954cb99061d
2025-07-12 06:05:28,2,kube_pod_container_status_restarts_total,local-path-provisioner,kube-state-metrics.nimbusguard.svc:8080,prometheus.scrape.kube_state_metrics,local-path-storage,local-path-provisioner-7dc846544d-fdt7q,7719069c-f340-45db-a77d-4954cb99061d
2025-07-12 06:06:28,2,kube_pod_container_status_restarts_total,local-path-provisioner,kube-state-metrics.nimbusguard.svc:8080,prometheus.scrape.kube_state_metrics,local-path-storage,local-path-provisioner-7dc846544d-fdt7q,7719069c-f340-45db-a77d-4954cb99061d
2025-07-12 06:07:28,2,kube_pod_container_status_restarts_total,local-path-provisioner,kube-state-metrics.nimbusguard.svc:8080,prometheus.scrape.kube_state_metrics,local-path-storage,local-path-provisioner-7dc846544d-fdt7q,7719069c-f340-45db-a77d-4954cb99061d
2025-07-12 06:08:28,2,kube_pod_container_status_restarts_total,local-path-provisioner,kube-state-metrics.nimbusguard.svc:8080,prometheus.scrape.kube_state_metrics,local-path-storage,local-path-provisioner-7dc846544d-fdt7q,7719069c-f340-45db-a77d-4954cb99061d
2025-07-12 06:09:28,2,kube_pod_container_status_restarts_total,local-path-provisioner,kube-state-metrics.nimbusguard.svc:8080,prometheus.scrape.kube_state_metrics,local-path-storage,local-path-provisioner-7dc846544d-fdt7q,7719069c-f340-45db-a77d-4954cb99061d
2025-07-12 06:10:28,2,kube_pod_container_status_restarts_total,local-path-provisioner,kube-state-metrics.nimbusguard.svc:8080,prometheus.scrape.kube_state_metrics,local-path-storage,local-path-provisioner-7dc846544d-fdt7q,7719069c-f340-45db-a77d-4954cb99061d
2025-07-12 06:11:28,2,kube_pod_container_status_restarts_total,local-path-provisioner,kube-state-metrics.nimbusguard.svc:8080,prometheus.scrape.kube_state_metrics,local-path-storage,local-path-provisioner-7dc846544d-fdt7q,7719069c-f340-45db-a77d-4954cb99061d
2025-07-12 06:12:28,2,kube_pod_container_status_restarts_total,local-path-provisioner,kube-state-metrics.nimbusguard.svc:8080,prometheus.scrape.kube_state_metrics,local-path-storage,local-path-provisioner-7dc846544d-fdt7q,7719069c-f340-45db-a77d-4954cb99061d
2025-07-12 06:13:28,2,kube_pod_container_status_restarts_total,local-path-provisioner,kube-state-metrics.nimbusguard.svc:8080,prometheus.scrape.kube_state_metrics,local-path-storage,local-path-provisioner-7dc846544d-fdt7q,7719069c-f340-45db-a77d-4954cb99061d
2025-07-12 05:29:28,0,kube_pod_container_status_restarts_total,loki,10.244.1.4:8080,prometheus.scrape.annotated_pods,nimbusguard,loki-7d946c8b5f-g5rkf,2dc282d3-8551-4dcc-ba35-24a9bddf37dd
2025-07-12 05:30:28,0,kube_pod_container_status_restarts_total,loki,10.244.1.4:8080,prometheus.scrape.annotated_pods,nimbusguard,loki-7d946c8b5f-g5rkf,2dc282d3-8551-4dcc-ba35-24a9bddf37dd
2025-07-12 05:31:28,0,kube_pod_container_status_restarts_total,loki,10.244.1.4:8080,prometheus.scrape.annotated_pods,nimbusguard,loki-7d946c8b5f-g5rkf,2dc282d3-8551-4dcc-ba35-24a9bddf37dd
2025-07-12 05:32:28,0,kube_pod_container_status_restarts_total,loki,10.244.1.4:8080,prometheus.scrape.annotated_pods,nimbusguard,loki-7d946c8b5f-g5rkf,2dc282d3-8551-4dcc-ba35-24a9bddf37dd
2025-07-12 05:33:28,0,kube_pod_container_status_restarts_total,loki,10.244.1.4:8080,prometheus.scrape.annotated_pods,nimbusguard,loki-7d946c8b5f-g5rkf,2dc282d3-8551-4dcc-ba35-24a9bddf37dd
2025-07-12 05:34:28,0,kube_pod_container_status_restarts_total,loki,10.244.1.4:8080,prometheus.scrape.annotated_pods,nimbusguard,loki-7d946c8b5f-g5rkf,2dc282d3-8551-4dcc-ba35-24a9bddf37dd
2025-07-12 05:35:28,0,kube_pod_container_status_restarts_total,loki,10.244.1.4:8080,prometheus.scrape.annotated_pods,nimbusguard,loki-7d946c8b5f-g5rkf,2dc282d3-8551-4dcc-ba35-24a9bddf37dd
2025-07-12 05:36:28,0,kube_pod_container_status_restarts_total,loki,10.244.1.4:8080,prometheus.scrape.annotated_pods,nimbusguard,loki-7d946c8b5f-g5rkf,2dc282d3-8551-4dcc-ba35-24a9bddf37dd
2025-07-12 05:37:28,0,kube_pod_container_status_restarts_total,loki,10.244.1.4:8080,prometheus.scrape.annotated_pods,nimbusguard,loki-7d946c8b5f-g5rkf,2dc282d3-8551-4dcc-ba35-24a9bddf37dd
2025-07-12 05:38:28,0,kube_pod_container_status_restarts_total,loki,10.244.1.4:8080,prometheus.scrape.annotated_pods,nimbusguard,loki-7d946c8b5f-g5rkf,2dc282d3-8551-4dcc-ba35-24a9bddf37dd
2025-07-12 05:39:28,0,kube_pod_container_status_restarts_total,loki,10.244.1.4:8080,prometheus.scrape.annotated_pods,nimbusguard,loki-7d946c8b5f-g5rkf,2dc282d3-8551-4dcc-ba35-24a9bddf37dd
2025-07-12 05:40:28,0,kube_pod_container_status_restarts_total,loki,10.244.1.4:8080,prometheus.scrape.annotated_pods,nimbusguard,loki-7d946c8b5f-g5rkf,2dc282d3-8551-4dcc-ba35-24a9bddf37dd
2025-07-12 05:41:28,0,kube_pod_container_status_restarts_total,loki,10.244.1.4:8080,prometheus.scrape.annotated_pods,nimbusguard,loki-7d946c8b5f-g5rkf,2dc282d3-8551-4dcc-ba35-24a9bddf37dd
2025-07-12 05:42:28,0,kube_pod_container_status_restarts_total,loki,10.244.1.4:8080,prometheus.scrape.annotated_pods,nimbusguard,loki-7d946c8b5f-g5rkf,2dc282d3-8551-4dcc-ba35-24a9bddf37dd
2025-07-12 05:43:28,0,kube_pod_container_status_restarts_total,loki,10.244.1.4:8080,prometheus.scrape.annotated_pods,nimbusguard,loki-7d946c8b5f-g5rkf,2dc282d3-8551-4dcc-ba35-24a9bddf37dd
2025-07-12 05:44:28,0,kube_pod_container_status_restarts_total,loki,10.244.1.4:8080,prometheus.scrape.annotated_pods,nimbusguard,loki-7d946c8b5f-g5rkf,2dc282d3-8551-4dcc-ba35-24a9bddf37dd
2025-07-12 05:45:28,0,kube_pod_container_status_restarts_total,loki,10.244.1.4:8080,prometheus.scrape.annotated_pods,nimbusguard,loki-7d946c8b5f-g5rkf,2dc282d3-8551-4dcc-ba35-24a9bddf37dd
2025-07-12 05:46:28,0,kube_pod_container_status_restarts_total,loki,10.244.1.4:8080,prometheus.scrape.annotated_pods,nimbusguard,loki-7d946c8b5f-g5rkf,2dc282d3-8551-4dcc-ba35-24a9bddf37dd
2025-07-12 05:47:28,0,kube_pod_container_status_restarts_total,loki,10.244.1.4:8080,prometheus.scrape.annotated_pods,nimbusguard,loki-7d946c8b5f-g5rkf,2dc282d3-8551-4dcc-ba35-24a9bddf37dd
2025-07-12 05:48:28,0,kube_pod_container_status_restarts_total,loki,10.244.1.4:8080,prometheus.scrape.annotated_pods,nimbusguard,loki-7d946c8b5f-g5rkf,2dc282d3-8551-4dcc-ba35-24a9bddf37dd
2025-07-12 05:49:28,0,kube_pod_container_status_restarts_total,loki,10.244.1.4:8080,prometheus.scrape.annotated_pods,nimbusguard,loki-7d946c8b5f-g5rkf,2dc282d3-8551-4dcc-ba35-24a9bddf37dd
2025-07-12 05:50:28,0,kube_pod_container_status_restarts_total,loki,10.244.1.4:8080,prometheus.scrape.annotated_pods,nimbusguard,loki-7d946c8b5f-g5rkf,2dc282d3-8551-4dcc-ba35-24a9bddf37dd
2025-07-12 05:51:28,0,kube_pod_container_status_restarts_total,loki,10.244.1.4:8080,prometheus.scrape.annotated_pods,nimbusguard,loki-7d946c8b5f-g5rkf,2dc282d3-8551-4dcc-ba35-24a9bddf37dd
2025-07-12 05:52:28,0,kube_pod_container_status_restarts_total,loki,10.244.1.4:8080,prometheus.scrape.annotated_pods,nimbusguard,loki-7d946c8b5f-g5rkf,2dc282d3-8551-4dcc-ba35-24a9bddf37dd
2025-07-12 05:53:28,0,kube_pod_container_status_restarts_total,loki,10.244.1.4:8080,prometheus.scrape.annotated_pods,nimbusguard,loki-7d946c8b5f-g5rkf,2dc282d3-8551-4dcc-ba35-24a9bddf37dd
2025-07-12 05:54:28,0,kube_pod_container_status_restarts_total,loki,10.244.1.4:8080,prometheus.scrape.annotated_pods,nimbusguard,loki-7d946c8b5f-g5rkf,2dc282d3-8551-4dcc-ba35-24a9bddf37dd
2025-07-12 05:55:28,0,kube_pod_container_status_restarts_total,loki,10.244.1.4:8080,prometheus.scrape.annotated_pods,nimbusguard,loki-7d946c8b5f-g5rkf,2dc282d3-8551-4dcc-ba35-24a9bddf37dd
2025-07-12 05:56:28,0,kube_pod_container_status_restarts_total,loki,10.244.1.4:8080,prometheus.scrape.annotated_pods,nimbusguard,loki-7d946c8b5f-g5rkf,2dc282d3-8551-4dcc-ba35-24a9bddf37dd
2025-07-12 05:57:28,0,kube_pod_container_status_restarts_total,loki,10.244.1.4:8080,prometheus.scrape.annotated_pods,nimbusguard,loki-7d946c8b5f-g5rkf,2dc282d3-8551-4dcc-ba35-24a9bddf37dd
2025-07-12 05:58:28,0,kube_pod_container_status_restarts_total,loki,10.244.1.4:8080,prometheus.scrape.annotated_pods,nimbusguard,loki-7d946c8b5f-g5rkf,2dc282d3-8551-4dcc-ba35-24a9bddf37dd
2025-07-12 05:59:28,0,kube_pod_container_status_restarts_total,loki,10.244.1.4:8080,prometheus.scrape.annotated_pods,nimbusguard,loki-7d946c8b5f-g5rkf,2dc282d3-8551-4dcc-ba35-24a9bddf37dd
2025-07-12 06:00:28,0,kube_pod_container_status_restarts_total,loki,10.244.1.4:8080,prometheus.scrape.annotated_pods,nimbusguard,loki-7d946c8b5f-g5rkf,2dc282d3-8551-4dcc-ba35-24a9bddf37dd
2025-07-12 06:01:28,0,kube_pod_container_status_restarts_total,loki,10.244.1.4:8080,prometheus.scrape.annotated_pods,nimbusguard,loki-7d946c8b5f-g5rkf,2dc282d3-8551-4dcc-ba35-24a9bddf37dd
2025-07-12 06:02:28,0,kube_pod_container_status_restarts_total,loki,10.244.1.4:8080,prometheus.scrape.annotated_pods,nimbusguard,loki-7d946c8b5f-g5rkf,2dc282d3-8551-4dcc-ba35-24a9bddf37dd
2025-07-12 06:03:28,0,kube_pod_container_status_restarts_total,loki,10.244.1.4:8080,prometheus.scrape.annotated_pods,nimbusguard,loki-7d946c8b5f-g5rkf,2dc282d3-8551-4dcc-ba35-24a9bddf37dd
2025-07-12 06:04:28,0,kube_pod_container_status_restarts_total,loki,10.244.1.4:8080,prometheus.scrape.annotated_pods,nimbusguard,loki-7d946c8b5f-g5rkf,2dc282d3-8551-4dcc-ba35-24a9bddf37dd
2025-07-12 06:05:28,0,kube_pod_container_status_restarts_total,loki,10.244.1.4:8080,prometheus.scrape.annotated_pods,nimbusguard,loki-7d946c8b5f-g5rkf,2dc282d3-8551-4dcc-ba35-24a9bddf37dd
2025-07-12 06:06:28,0,kube_pod_container_status_restarts_total,loki,10.244.1.4:8080,prometheus.scrape.annotated_pods,nimbusguard,loki-7d946c8b5f-g5rkf,2dc282d3-8551-4dcc-ba35-24a9bddf37dd
2025-07-12 06:07:28,0,kube_pod_container_status_restarts_total,loki,10.244.1.4:8080,prometheus.scrape.annotated_pods,nimbusguard,loki-7d946c8b5f-g5rkf,2dc282d3-8551-4dcc-ba35-24a9bddf37dd
2025-07-12 06:08:28,0,kube_pod_container_status_restarts_total,loki,10.244.1.4:8080,prometheus.scrape.annotated_pods,nimbusguard,loki-7d946c8b5f-g5rkf,2dc282d3-8551-4dcc-ba35-24a9bddf37dd
2025-07-12 06:09:28,0,kube_pod_container_status_restarts_total,loki,10.244.1.4:8080,prometheus.scrape.annotated_pods,nimbusguard,loki-7d946c8b5f-g5rkf,2dc282d3-8551-4dcc-ba35-24a9bddf37dd
2025-07-12 06:10:28,0,kube_pod_container_status_restarts_total,loki,10.244.1.4:8080,prometheus.scrape.annotated_pods,nimbusguard,loki-7d946c8b5f-g5rkf,2dc282d3-8551-4dcc-ba35-24a9bddf37dd
2025-07-12 06:11:28,0,kube_pod_container_status_restarts_total,loki,10.244.1.4:8080,prometheus.scrape.annotated_pods,nimbusguard,loki-7d946c8b5f-g5rkf,2dc282d3-8551-4dcc-ba35-24a9bddf37dd
2025-07-12 06:12:28,0,kube_pod_container_status_restarts_total,loki,10.244.1.4:8080,prometheus.scrape.annotated_pods,nimbusguard,loki-7d946c8b5f-g5rkf,2dc282d3-8551-4dcc-ba35-24a9bddf37dd
2025-07-12 06:13:28,0,kube_pod_container_status_restarts_total,loki,10.244.1.4:8080,prometheus.scrape.annotated_pods,nimbusguard,loki-7d946c8b5f-g5rkf,2dc282d3-8551-4dcc-ba35-24a9bddf37dd
2025-07-12 05:30:28,0,kube_pod_container_status_restarts_total,loki,kube-state-metrics.nimbusguard.svc:8080,prometheus.scrape.kube_state_metrics,nimbusguard,loki-7d946c8b5f-g5rkf,2dc282d3-8551-4dcc-ba35-24a9bddf37dd
2025-07-12 05:31:28,0,kube_pod_container_status_restarts_total,loki,kube-state-metrics.nimbusguard.svc:8080,prometheus.scrape.kube_state_metrics,nimbusguard,loki-7d946c8b5f-g5rkf,2dc282d3-8551-4dcc-ba35-24a9bddf37dd
2025-07-12 05:32:28,0,kube_pod_container_status_restarts_total,loki,kube-state-metrics.nimbusguard.svc:8080,prometheus.scrape.kube_state_metrics,nimbusguard,loki-7d946c8b5f-g5rkf,2dc282d3-8551-4dcc-ba35-24a9bddf37dd
2025-07-12 05:33:28,0,kube_pod_container_status_restarts_total,loki,kube-state-metrics.nimbusguard.svc:8080,prometheus.scrape.kube_state_metrics,nimbusguard,loki-7d946c8b5f-g5rkf,2dc282d3-8551-4dcc-ba35-24a9bddf37dd
2025-07-12 05:34:28,0,kube_pod_container_status_restarts_total,loki,kube-state-metrics.nimbusguard.svc:8080,prometheus.scrape.kube_state_metrics,nimbusguard,loki-7d946c8b5f-g5rkf,2dc282d3-8551-4dcc-ba35-24a9bddf37dd
2025-07-12 05:35:28,0,kube_pod_container_status_restarts_total,loki,kube-state-metrics.nimbusguard.svc:8080,prometheus.scrape.kube_state_metrics,nimbusguard,loki-7d946c8b5f-g5rkf,2dc282d3-8551-4dcc-ba35-24a9bddf37dd
2025-07-12 05:36:28,0,kube_pod_container_status_restarts_total,loki,kube-state-metrics.nimbusguard.svc:8080,prometheus.scrape.kube_state_metrics,nimbusguard,loki-7d946c8b5f-g5rkf,2dc282d3-8551-4dcc-ba35-24a9bddf37dd
2025-07-12 05:37:28,0,kube_pod_container_status_restarts_total,loki,kube-state-metrics.nimbusguard.svc:8080,prometheus.scrape.kube_state_metrics,nimbusguard,loki-7d946c8b5f-g5rkf,2dc282d3-8551-4dcc-ba35-24a9bddf37dd
2025-07-12 05:38:28,0,kube_pod_container_status_restarts_total,loki,kube-state-metrics.nimbusguard.svc:8080,prometheus.scrape.kube_state_metrics,nimbusguard,loki-7d946c8b5f-g5rkf,2dc282d3-8551-4dcc-ba35-24a9bddf37dd
2025-07-12 05:39:28,0,kube_pod_container_status_restarts_total,loki,kube-state-metrics.nimbusguard.svc:8080,prometheus.scrape.kube_state_metrics,nimbusguard,loki-7d946c8b5f-g5rkf,2dc282d3-8551-4dcc-ba35-24a9bddf37dd
2025-07-12 05:40:28,0,kube_pod_container_status_restarts_total,loki,kube-state-metrics.nimbusguard.svc:8080,prometheus.scrape.kube_state_metrics,nimbusguard,loki-7d946c8b5f-g5rkf,2dc282d3-8551-4dcc-ba35-24a9bddf37dd
2025-07-12 05:41:28,0,kube_pod_container_status_restarts_total,loki,kube-state-metrics.nimbusguard.svc:8080,prometheus.scrape.kube_state_metrics,nimbusguard,loki-7d946c8b5f-g5rkf,2dc282d3-8551-4dcc-ba35-24a9bddf37dd
2025-07-12 05:42:28,0,kube_pod_container_status_restarts_total,loki,kube-state-metrics.nimbusguard.svc:8080,prometheus.scrape.kube_state_metrics,nimbusguard,loki-7d946c8b5f-g5rkf,2dc282d3-8551-4dcc-ba35-24a9bddf37dd
2025-07-12 05:43:28,0,kube_pod_container_status_restarts_total,loki,kube-state-metrics.nimbusguard.svc:8080,prometheus.scrape.kube_state_metrics,nimbusguard,loki-7d946c8b5f-g5rkf,2dc282d3-8551-4dcc-ba35-24a9bddf37dd
2025-07-12 05:44:28,0,kube_pod_container_status_restarts_total,loki,kube-state-metrics.nimbusguard.svc:8080,prometheus.scrape.kube_state_metrics,nimbusguard,loki-7d946c8b5f-g5rkf,2dc282d3-8551-4dcc-ba35-24a9bddf37dd
2025-07-12 05:45:28,0,kube_pod_container_status_restarts_total,loki,kube-state-metrics.nimbusguard.svc:8080,prometheus.scrape.kube_state_metrics,nimbusguard,loki-7d946c8b5f-g5rkf,2dc282d3-8551-4dcc-ba35-24a9bddf37dd
2025-07-12 05:46:28,0,kube_pod_container_status_restarts_total,loki,kube-state-metrics.nimbusguard.svc:8080,prometheus.scrape.kube_state_metrics,nimbusguard,loki-7d946c8b5f-g5rkf,2dc282d3-8551-4dcc-ba35-24a9bddf37dd
2025-07-12 05:47:28,0,kube_pod_container_status_restarts_total,loki,kube-state-metrics.nimbusguard.svc:8080,prometheus.scrape.kube_state_metrics,nimbusguard,loki-7d946c8b5f-g5rkf,2dc282d3-8551-4dcc-ba35-24a9bddf37dd
2025-07-12 05:48:28,0,kube_pod_container_status_restarts_total,loki,kube-state-metrics.nimbusguard.svc:8080,prometheus.scrape.kube_state_metrics,nimbusguard,loki-7d946c8b5f-g5rkf,2dc282d3-8551-4dcc-ba35-24a9bddf37dd
2025-07-12 05:49:28,0,kube_pod_container_status_restarts_total,loki,kube-state-metrics.nimbusguard.svc:8080,prometheus.scrape.kube_state_metrics,nimbusguard,loki-7d946c8b5f-g5rkf,2dc282d3-8551-4dcc-ba35-24a9bddf37dd
2025-07-12 05:50:28,0,kube_pod_container_status_restarts_total,loki,kube-state-metrics.nimbusguard.svc:8080,prometheus.scrape.kube_state_metrics,nimbusguard,loki-7d946c8b5f-g5rkf,2dc282d3-8551-4dcc-ba35-24a9bddf37dd
2025-07-12 05:51:28,0,kube_pod_container_status_restarts_total,loki,kube-state-metrics.nimbusguard.svc:8080,prometheus.scrape.kube_state_metrics,nimbusguard,loki-7d946c8b5f-g5rkf,2dc282d3-8551-4dcc-ba35-24a9bddf37dd
2025-07-12 05:52:28,0,kube_pod_container_status_restarts_total,loki,kube-state-metrics.nimbusguard.svc:8080,prometheus.scrape.kube_state_metrics,nimbusguard,loki-7d946c8b5f-g5rkf,2dc282d3-8551-4dcc-ba35-24a9bddf37dd
2025-07-12 05:53:28,0,kube_pod_container_status_restarts_total,loki,kube-state-metrics.nimbusguard.svc:8080,prometheus.scrape.kube_state_metrics,nimbusguard,loki-7d946c8b5f-g5rkf,2dc282d3-8551-4dcc-ba35-24a9bddf37dd
2025-07-12 05:54:28,0,kube_pod_container_status_restarts_total,loki,kube-state-metrics.nimbusguard.svc:8080,prometheus.scrape.kube_state_metrics,nimbusguard,loki-7d946c8b5f-g5rkf,2dc282d3-8551-4dcc-ba35-24a9bddf37dd
2025-07-12 05:55:28,0,kube_pod_container_status_restarts_total,loki,kube-state-metrics.nimbusguard.svc:8080,prometheus.scrape.kube_state_metrics,nimbusguard,loki-7d946c8b5f-g5rkf,2dc282d3-8551-4dcc-ba35-24a9bddf37dd
2025-07-12 05:56:28,0,kube_pod_container_status_restarts_total,loki,kube-state-metrics.nimbusguard.svc:8080,prometheus.scrape.kube_state_metrics,nimbusguard,loki-7d946c8b5f-g5rkf,2dc282d3-8551-4dcc-ba35-24a9bddf37dd
2025-07-12 05:57:28,0,kube_pod_container_status_restarts_total,loki,kube-state-metrics.nimbusguard.svc:8080,prometheus.scrape.kube_state_metrics,nimbusguard,loki-7d946c8b5f-g5rkf,2dc282d3-8551-4dcc-ba35-24a9bddf37dd
2025-07-12 05:58:28,0,kube_pod_container_status_restarts_total,loki,kube-state-metrics.nimbusguard.svc:8080,prometheus.scrape.kube_state_metrics,nimbusguard,loki-7d946c8b5f-g5rkf,2dc282d3-8551-4dcc-ba35-24a9bddf37dd
2025-07-12 05:59:28,0,kube_pod_container_status_restarts_total,loki,kube-state-metrics.nimbusguard.svc:8080,prometheus.scrape.kube_state_metrics,nimbusguard,loki-7d946c8b5f-g5rkf,2dc282d3-8551-4dcc-ba35-24a9bddf37dd
2025-07-12 06:00:28,0,kube_pod_container_status_restarts_total,loki,kube-state-metrics.nimbusguard.svc:8080,prometheus.scrape.kube_state_metrics,nimbusguard,loki-7d946c8b5f-g5rkf,2dc282d3-8551-4dcc-ba35-24a9bddf37dd
2025-07-12 06:01:28,0,kube_pod_container_status_restarts_total,loki,kube-state-metrics.nimbusguard.svc:8080,prometheus.scrape.kube_state_metrics,nimbusguard,loki-7d946c8b5f-g5rkf,2dc282d3-8551-4dcc-ba35-24a9bddf37dd
2025-07-12 06:02:28,0,kube_pod_container_status_restarts_total,loki,kube-state-metrics.nimbusguard.svc:8080,prometheus.scrape.kube_state_metrics,nimbusguard,loki-7d946c8b5f-g5rkf,2dc282d3-8551-4dcc-ba35-24a9bddf37dd
2025-07-12 06:03:28,0,kube_pod_container_status_restarts_total,loki,kube-state-metrics.nimbusguard.svc:8080,prometheus.scrape.kube_state_metrics,nimbusguard,loki-7d946c8b5f-g5rkf,2dc282d3-8551-4dcc-ba35-24a9bddf37dd
2025-07-12 06:04:28,0,kube_pod_container_status_restarts_total,loki,kube-state-metrics.nimbusguard.svc:8080,prometheus.scrape.kube_state_metrics,nimbusguard,loki-7d946c8b5f-g5rkf,2dc282d3-8551-4dcc-ba35-24a9bddf37dd
2025-07-12 06:05:28,0,kube_pod_container_status_restarts_total,loki,kube-state-metrics.nimbusguard.svc:8080,prometheus.scrape.kube_state_metrics,nimbusguard,loki-7d946c8b5f-g5rkf,2dc282d3-8551-4dcc-ba35-24a9bddf37dd
2025-07-12 06:06:28,0,kube_pod_container_status_restarts_total,loki,kube-state-metrics.nimbusguard.svc:8080,prometheus.scrape.kube_state_metrics,nimbusguard,loki-7d946c8b5f-g5rkf,2dc282d3-8551-4dcc-ba35-24a9bddf37dd
2025-07-12 06:07:28,0,kube_pod_container_status_restarts_total,loki,kube-state-metrics.nimbusguard.svc:8080,prometheus.scrape.kube_state_metrics,nimbusguard,loki-7d946c8b5f-g5rkf,2dc282d3-8551-4dcc-ba35-24a9bddf37dd
2025-07-12 06:08:28,0,kube_pod_container_status_restarts_total,loki,kube-state-metrics.nimbusguard.svc:8080,prometheus.scrape.kube_state_metrics,nimbusguard,loki-7d946c8b5f-g5rkf,2dc282d3-8551-4dcc-ba35-24a9bddf37dd
2025-07-12 06:09:28,0,kube_pod_container_status_restarts_total,loki,kube-state-metrics.nimbusguard.svc:8080,prometheus.scrape.kube_state_metrics,nimbusguard,loki-7d946c8b5f-g5rkf,2dc282d3-8551-4dcc-ba35-24a9bddf37dd
2025-07-12 06:10:28,0,kube_pod_container_status_restarts_total,loki,kube-state-metrics.nimbusguard.svc:8080,prometheus.scrape.kube_state_metrics,nimbusguard,loki-7d946c8b5f-g5rkf,2dc282d3-8551-4dcc-ba35-24a9bddf37dd
2025-07-12 06:11:28,0,kube_pod_container_status_restarts_total,loki,kube-state-metrics.nimbusguard.svc:8080,prometheus.scrape.kube_state_metrics,nimbusguard,loki-7d946c8b5f-g5rkf,2dc282d3-8551-4dcc-ba35-24a9bddf37dd
2025-07-12 06:12:28,0,kube_pod_container_status_restarts_total,loki,kube-state-metrics.nimbusguard.svc:8080,prometheus.scrape.kube_state_metrics,nimbusguard,loki-7d946c8b5f-g5rkf,2dc282d3-8551-4dcc-ba35-24a9bddf37dd
2025-07-12 06:13:28,0,kube_pod_container_status_restarts_total,loki,kube-state-metrics.nimbusguard.svc:8080,prometheus.scrape.kube_state_metrics,nimbusguard,loki-7d946c8b5f-g5rkf,2dc282d3-8551-4dcc-ba35-24a9bddf37dd
2025-07-12 05:29:28,0,kube_pod_container_status_restarts_total,mcp-kubernetes,10.244.1.4:8080,prometheus.scrape.annotated_pods,nimbusguard,mcp-server-cf77cd4dd-vwdz8,adefc092-b99a-40d5-b69d-e38ca4ecf6a4
2025-07-12 05:30:28,0,kube_pod_container_status_restarts_total,mcp-kubernetes,10.244.1.4:8080,prometheus.scrape.annotated_pods,nimbusguard,mcp-server-cf77cd4dd-vwdz8,adefc092-b99a-40d5-b69d-e38ca4ecf6a4
2025-07-12 05:31:28,0,kube_pod_container_status_restarts_total,mcp-kubernetes,10.244.1.4:8080,prometheus.scrape.annotated_pods,nimbusguard,mcp-server-cf77cd4dd-vwdz8,adefc092-b99a-40d5-b69d-e38ca4ecf6a4
2025-07-12 05:32:28,0,kube_pod_container_status_restarts_total,mcp-kubernetes,10.244.1.4:8080,prometheus.scrape.annotated_pods,nimbusguard,mcp-server-cf77cd4dd-vwdz8,adefc092-b99a-40d5-b69d-e38ca4ecf6a4
2025-07-12 05:33:28,0,kube_pod_container_status_restarts_total,mcp-kubernetes,10.244.1.4:8080,prometheus.scrape.annotated_pods,nimbusguard,mcp-server-cf77cd4dd-vwdz8,adefc092-b99a-40d5-b69d-e38ca4ecf6a4
2025-07-12 05:34:28,0,kube_pod_container_status_restarts_total,mcp-kubernetes,10.244.1.4:8080,prometheus.scrape.annotated_pods,nimbusguard,mcp-server-cf77cd4dd-vwdz8,adefc092-b99a-40d5-b69d-e38ca4ecf6a4
2025-07-12 05:35:28,0,kube_pod_container_status_restarts_total,mcp-kubernetes,10.244.1.4:8080,prometheus.scrape.annotated_pods,nimbusguard,mcp-server-cf77cd4dd-vwdz8,adefc092-b99a-40d5-b69d-e38ca4ecf6a4
2025-07-12 05:36:28,0,kube_pod_container_status_restarts_total,mcp-kubernetes,10.244.1.4:8080,prometheus.scrape.annotated_pods,nimbusguard,mcp-server-cf77cd4dd-vwdz8,adefc092-b99a-40d5-b69d-e38ca4ecf6a4
2025-07-12 05:37:28,0,kube_pod_container_status_restarts_total,mcp-kubernetes,10.244.1.4:8080,prometheus.scrape.annotated_pods,nimbusguard,mcp-server-cf77cd4dd-vwdz8,adefc092-b99a-40d5-b69d-e38ca4ecf6a4
2025-07-12 05:38:28,0,kube_pod_container_status_restarts_total,mcp-kubernetes,10.244.1.4:8080,prometheus.scrape.annotated_pods,nimbusguard,mcp-server-cf77cd4dd-vwdz8,adefc092-b99a-40d5-b69d-e38ca4ecf6a4
2025-07-12 05:39:28,0,kube_pod_container_status_restarts_total,mcp-kubernetes,10.244.1.4:8080,prometheus.scrape.annotated_pods,nimbusguard,mcp-server-cf77cd4dd-vwdz8,adefc092-b99a-40d5-b69d-e38ca4ecf6a4
2025-07-12 05:40:28,0,kube_pod_container_status_restarts_total,mcp-kubernetes,10.244.1.4:8080,prometheus.scrape.annotated_pods,nimbusguard,mcp-server-cf77cd4dd-vwdz8,adefc092-b99a-40d5-b69d-e38ca4ecf6a4
2025-07-12 05:41:28,0,kube_pod_container_status_restarts_total,mcp-kubernetes,10.244.1.4:8080,prometheus.scrape.annotated_pods,nimbusguard,mcp-server-cf77cd4dd-vwdz8,adefc092-b99a-40d5-b69d-e38ca4ecf6a4
2025-07-12 05:42:28,0,kube_pod_container_status_restarts_total,mcp-kubernetes,10.244.1.4:8080,prometheus.scrape.annotated_pods,nimbusguard,mcp-server-cf77cd4dd-vwdz8,adefc092-b99a-40d5-b69d-e38ca4ecf6a4
2025-07-12 05:43:28,0,kube_pod_container_status_restarts_total,mcp-kubernetes,10.244.1.4:8080,prometheus.scrape.annotated_pods,nimbusguard,mcp-server-cf77cd4dd-vwdz8,adefc092-b99a-40d5-b69d-e38ca4ecf6a4
2025-07-12 05:44:28,0,kube_pod_container_status_restarts_total,mcp-kubernetes,10.244.1.4:8080,prometheus.scrape.annotated_pods,nimbusguard,mcp-server-cf77cd4dd-vwdz8,adefc092-b99a-40d5-b69d-e38ca4ecf6a4
2025-07-12 05:45:28,0,kube_pod_container_status_restarts_total,mcp-kubernetes,10.244.1.4:8080,prometheus.scrape.annotated_pods,nimbusguard,mcp-server-cf77cd4dd-vwdz8,adefc092-b99a-40d5-b69d-e38ca4ecf6a4
2025-07-12 05:46:28,0,kube_pod_container_status_restarts_total,mcp-kubernetes,10.244.1.4:8080,prometheus.scrape.annotated_pods,nimbusguard,mcp-server-cf77cd4dd-vwdz8,adefc092-b99a-40d5-b69d-e38ca4ecf6a4
2025-07-12 05:47:28,0,kube_pod_container_status_restarts_total,mcp-kubernetes,10.244.1.4:8080,prometheus.scrape.annotated_pods,nimbusguard,mcp-server-cf77cd4dd-vwdz8,adefc092-b99a-40d5-b69d-e38ca4ecf6a4
2025-07-12 05:48:28,0,kube_pod_container_status_restarts_total,mcp-kubernetes,10.244.1.4:8080,prometheus.scrape.annotated_pods,nimbusguard,mcp-server-cf77cd4dd-vwdz8,adefc092-b99a-40d5-b69d-e38ca4ecf6a4
2025-07-12 05:49:28,0,kube_pod_container_status_restarts_total,mcp-kubernetes,10.244.1.4:8080,prometheus.scrape.annotated_pods,nimbusguard,mcp-server-cf77cd4dd-vwdz8,adefc092-b99a-40d5-b69d-e38ca4ecf6a4
2025-07-12 05:50:28,0,kube_pod_container_status_restarts_total,mcp-kubernetes,10.244.1.4:8080,prometheus.scrape.annotated_pods,nimbusguard,mcp-server-cf77cd4dd-vwdz8,adefc092-b99a-40d5-b69d-e38ca4ecf6a4
2025-07-12 05:51:28,0,kube_pod_container_status_restarts_total,mcp-kubernetes,10.244.1.4:8080,prometheus.scrape.annotated_pods,nimbusguard,mcp-server-cf77cd4dd-vwdz8,adefc092-b99a-40d5-b69d-e38ca4ecf6a4
2025-07-12 05:52:28,0,kube_pod_container_status_restarts_total,mcp-kubernetes,10.244.1.4:8080,prometheus.scrape.annotated_pods,nimbusguard,mcp-server-cf77cd4dd-vwdz8,adefc092-b99a-40d5-b69d-e38ca4ecf6a4
2025-07-12 05:53:28,0,kube_pod_container_status_restarts_total,mcp-kubernetes,10.244.1.4:8080,prometheus.scrape.annotated_pods,nimbusguard,mcp-server-cf77cd4dd-vwdz8,adefc092-b99a-40d5-b69d-e38ca4ecf6a4
2025-07-12 05:54:28,0,kube_pod_container_status_restarts_total,mcp-kubernetes,10.244.1.4:8080,prometheus.scrape.annotated_pods,nimbusguard,mcp-server-cf77cd4dd-vwdz8,adefc092-b99a-40d5-b69d-e38ca4ecf6a4
2025-07-12 05:55:28,0,kube_pod_container_status_restarts_total,mcp-kubernetes,10.244.1.4:8080,prometheus.scrape.annotated_pods,nimbusguard,mcp-server-cf77cd4dd-vwdz8,adefc092-b99a-40d5-b69d-e38ca4ecf6a4
2025-07-12 05:56:28,0,kube_pod_container_status_restarts_total,mcp-kubernetes,10.244.1.4:8080,prometheus.scrape.annotated_pods,nimbusguard,mcp-server-cf77cd4dd-vwdz8,adefc092-b99a-40d5-b69d-e38ca4ecf6a4
2025-07-12 05:57:28,0,kube_pod_container_status_restarts_total,mcp-kubernetes,10.244.1.4:8080,prometheus.scrape.annotated_pods,nimbusguard,mcp-server-cf77cd4dd-vwdz8,adefc092-b99a-40d5-b69d-e38ca4ecf6a4
2025-07-12 05:58:28,0,kube_pod_container_status_restarts_total,mcp-kubernetes,10.244.1.4:8080,prometheus.scrape.annotated_pods,nimbusguard,mcp-server-cf77cd4dd-vwdz8,adefc092-b99a-40d5-b69d-e38ca4ecf6a4
2025-07-12 05:59:28,0,kube_pod_container_status_restarts_total,mcp-kubernetes,10.244.1.4:8080,prometheus.scrape.annotated_pods,nimbusguard,mcp-server-cf77cd4dd-vwdz8,adefc092-b99a-40d5-b69d-e38ca4ecf6a4
2025-07-12 06:00:28,0,kube_pod_container_status_restarts_total,mcp-kubernetes,10.244.1.4:8080,prometheus.scrape.annotated_pods,nimbusguard,mcp-server-cf77cd4dd-vwdz8,adefc092-b99a-40d5-b69d-e38ca4ecf6a4
2025-07-12 06:01:28,0,kube_pod_container_status_restarts_total,mcp-kubernetes,10.244.1.4:8080,prometheus.scrape.annotated_pods,nimbusguard,mcp-server-cf77cd4dd-vwdz8,adefc092-b99a-40d5-b69d-e38ca4ecf6a4
2025-07-12 06:02:28,0,kube_pod_container_status_restarts_total,mcp-kubernetes,10.244.1.4:8080,prometheus.scrape.annotated_pods,nimbusguard,mcp-server-cf77cd4dd-vwdz8,adefc092-b99a-40d5-b69d-e38ca4ecf6a4
2025-07-12 06:03:28,0,kube_pod_container_status_restarts_total,mcp-kubernetes,10.244.1.4:8080,prometheus.scrape.annotated_pods,nimbusguard,mcp-server-cf77cd4dd-vwdz8,adefc092-b99a-40d5-b69d-e38ca4ecf6a4
2025-07-12 06:04:28,0,kube_pod_container_status_restarts_total,mcp-kubernetes,10.244.1.4:8080,prometheus.scrape.annotated_pods,nimbusguard,mcp-server-cf77cd4dd-vwdz8,adefc092-b99a-40d5-b69d-e38ca4ecf6a4
2025-07-12 06:05:28,0,kube_pod_container_status_restarts_total,mcp-kubernetes,10.244.1.4:8080,prometheus.scrape.annotated_pods,nimbusguard,mcp-server-cf77cd4dd-vwdz8,adefc092-b99a-40d5-b69d-e38ca4ecf6a4
2025-07-12 06:06:28,0,kube_pod_container_status_restarts_total,mcp-kubernetes,10.244.1.4:8080,prometheus.scrape.annotated_pods,nimbusguard,mcp-server-cf77cd4dd-vwdz8,adefc092-b99a-40d5-b69d-e38ca4ecf6a4
2025-07-12 06:07:28,0,kube_pod_container_status_restarts_total,mcp-kubernetes,10.244.1.4:8080,prometheus.scrape.annotated_pods,nimbusguard,mcp-server-cf77cd4dd-vwdz8,adefc092-b99a-40d5-b69d-e38ca4ecf6a4
2025-07-12 06:08:28,0,kube_pod_container_status_restarts_total,mcp-kubernetes,10.244.1.4:8080,prometheus.scrape.annotated_pods,nimbusguard,mcp-server-cf77cd4dd-vwdz8,adefc092-b99a-40d5-b69d-e38ca4ecf6a4
2025-07-12 06:09:28,0,kube_pod_container_status_restarts_total,mcp-kubernetes,10.244.1.4:8080,prometheus.scrape.annotated_pods,nimbusguard,mcp-server-cf77cd4dd-vwdz8,adefc092-b99a-40d5-b69d-e38ca4ecf6a4
2025-07-12 06:10:28,0,kube_pod_container_status_restarts_total,mcp-kubernetes,10.244.1.4:8080,prometheus.scrape.annotated_pods,nimbusguard,mcp-server-cf77cd4dd-vwdz8,adefc092-b99a-40d5-b69d-e38ca4ecf6a4
2025-07-12 06:11:28,0,kube_pod_container_status_restarts_total,mcp-kubernetes,10.244.1.4:8080,prometheus.scrape.annotated_pods,nimbusguard,mcp-server-cf77cd4dd-vwdz8,adefc092-b99a-40d5-b69d-e38ca4ecf6a4
2025-07-12 06:12:28,0,kube_pod_container_status_restarts_total,mcp-kubernetes,10.244.1.4:8080,prometheus.scrape.annotated_pods,nimbusguard,mcp-server-cf77cd4dd-vwdz8,adefc092-b99a-40d5-b69d-e38ca4ecf6a4
2025-07-12 06:13:28,0,kube_pod_container_status_restarts_total,mcp-kubernetes,10.244.1.4:8080,prometheus.scrape.annotated_pods,nimbusguard,mcp-server-cf77cd4dd-vwdz8,adefc092-b99a-40d5-b69d-e38ca4ecf6a4
2025-07-12 05:30:28,0,kube_pod_container_status_restarts_total,mcp-kubernetes,kube-state-metrics.nimbusguard.svc:8080,prometheus.scrape.kube_state_metrics,nimbusguard,mcp-server-cf77cd4dd-vwdz8,adefc092-b99a-40d5-b69d-e38ca4ecf6a4
2025-07-12 05:31:28,0,kube_pod_container_status_restarts_total,mcp-kubernetes,kube-state-metrics.nimbusguard.svc:8080,prometheus.scrape.kube_state_metrics,nimbusguard,mcp-server-cf77cd4dd-vwdz8,adefc092-b99a-40d5-b69d-e38ca4ecf6a4
2025-07-12 05:32:28,0,kube_pod_container_status_restarts_total,mcp-kubernetes,kube-state-metrics.nimbusguard.svc:8080,prometheus.scrape.kube_state_metrics,nimbusguard,mcp-server-cf77cd4dd-vwdz8,adefc092-b99a-40d5-b69d-e38ca4ecf6a4
2025-07-12 05:33:28,0,kube_pod_container_status_restarts_total,mcp-kubernetes,kube-state-metrics.nimbusguard.svc:8080,prometheus.scrape.kube_state_metrics,nimbusguard,mcp-server-cf77cd4dd-vwdz8,adefc092-b99a-40d5-b69d-e38ca4ecf6a4
2025-07-12 05:34:28,0,kube_pod_container_status_restarts_total,mcp-kubernetes,kube-state-metrics.nimbusguard.svc:8080,prometheus.scrape.kube_state_metrics,nimbusguard,mcp-server-cf77cd4dd-vwdz8,adefc092-b99a-40d5-b69d-e38ca4ecf6a4
2025-07-12 05:35:28,0,kube_pod_container_status_restarts_total,mcp-kubernetes,kube-state-metrics.nimbusguard.svc:8080,prometheus.scrape.kube_state_metrics,nimbusguard,mcp-server-cf77cd4dd-vwdz8,adefc092-b99a-40d5-b69d-e38ca4ecf6a4
2025-07-12 05:36:28,0,kube_pod_container_status_restarts_total,mcp-kubernetes,kube-state-metrics.nimbusguard.svc:8080,prometheus.scrape.kube_state_metrics,nimbusguard,mcp-server-cf77cd4dd-vwdz8,adefc092-b99a-40d5-b69d-e38ca4ecf6a4
2025-07-12 05:37:28,0,kube_pod_container_status_restarts_total,mcp-kubernetes,kube-state-metrics.nimbusguard.svc:8080,prometheus.scrape.kube_state_metrics,nimbusguard,mcp-server-cf77cd4dd-vwdz8,adefc092-b99a-40d5-b69d-e38ca4ecf6a4
2025-07-12 05:38:28,0,kube_pod_container_status_restarts_total,mcp-kubernetes,kube-state-metrics.nimbusguard.svc:8080,prometheus.scrape.kube_state_metrics,nimbusguard,mcp-server-cf77cd4dd-vwdz8,adefc092-b99a-40d5-b69d-e38ca4ecf6a4
2025-07-12 05:39:28,0,kube_pod_container_status_restarts_total,mcp-kubernetes,kube-state-metrics.nimbusguard.svc:8080,prometheus.scrape.kube_state_metrics,nimbusguard,mcp-server-cf77cd4dd-vwdz8,adefc092-b99a-40d5-b69d-e38ca4ecf6a4
2025-07-12 05:40:28,0,kube_pod_container_status_restarts_total,mcp-kubernetes,kube-state-metrics.nimbusguard.svc:8080,prometheus.scrape.kube_state_metrics,nimbusguard,mcp-server-cf77cd4dd-vwdz8,adefc092-b99a-40d5-b69d-e38ca4ecf6a4
2025-07-12 05:41:28,0,kube_pod_container_status_restarts_total,mcp-kubernetes,kube-state-metrics.nimbusguard.svc:8080,prometheus.scrape.kube_state_metrics,nimbusguard,mcp-server-cf77cd4dd-vwdz8,adefc092-b99a-40d5-b69d-e38ca4ecf6a4
2025-07-12 05:42:28,0,kube_pod_container_status_restarts_total,mcp-kubernetes,kube-state-metrics.nimbusguard.svc:8080,prometheus.scrape.kube_state_metrics,nimbusguard,mcp-server-cf77cd4dd-vwdz8,adefc092-b99a-40d5-b69d-e38ca4ecf6a4
2025-07-12 05:43:28,0,kube_pod_container_status_restarts_total,mcp-kubernetes,kube-state-metrics.nimbusguard.svc:8080,prometheus.scrape.kube_state_metrics,nimbusguard,mcp-server-cf77cd4dd-vwdz8,adefc092-b99a-40d5-b69d-e38ca4ecf6a4
2025-07-12 05:44:28,0,kube_pod_container_status_restarts_total,mcp-kubernetes,kube-state-metrics.nimbusguard.svc:8080,prometheus.scrape.kube_state_metrics,nimbusguard,mcp-server-cf77cd4dd-vwdz8,adefc092-b99a-40d5-b69d-e38ca4ecf6a4
2025-07-12 05:45:28,0,kube_pod_container_status_restarts_total,mcp-kubernetes,kube-state-metrics.nimbusguard.svc:8080,prometheus.scrape.kube_state_metrics,nimbusguard,mcp-server-cf77cd4dd-vwdz8,adefc092-b99a-40d5-b69d-e38ca4ecf6a4
2025-07-12 05:46:28,0,kube_pod_container_status_restarts_total,mcp-kubernetes,kube-state-metrics.nimbusguard.svc:8080,prometheus.scrape.kube_state_metrics,nimbusguard,mcp-server-cf77cd4dd-vwdz8,adefc092-b99a-40d5-b69d-e38ca4ecf6a4
2025-07-12 05:47:28,0,kube_pod_container_status_restarts_total,mcp-kubernetes,kube-state-metrics.nimbusguard.svc:8080,prometheus.scrape.kube_state_metrics,nimbusguard,mcp-server-cf77cd4dd-vwdz8,adefc092-b99a-40d5-b69d-e38ca4ecf6a4
2025-07-12 05:48:28,0,kube_pod_container_status_restarts_total,mcp-kubernetes,kube-state-metrics.nimbusguard.svc:8080,prometheus.scrape.kube_state_metrics,nimbusguard,mcp-server-cf77cd4dd-vwdz8,adefc092-b99a-40d5-b69d-e38ca4ecf6a4
2025-07-12 05:49:28,0,kube_pod_container_status_restarts_total,mcp-kubernetes,kube-state-metrics.nimbusguard.svc:8080,prometheus.scrape.kube_state_metrics,nimbusguard,mcp-server-cf77cd4dd-vwdz8,adefc092-b99a-40d5-b69d-e38ca4ecf6a4
2025-07-12 05:50:28,0,kube_pod_container_status_restarts_total,mcp-kubernetes,kube-state-metrics.nimbusguard.svc:8080,prometheus.scrape.kube_state_metrics,nimbusguard,mcp-server-cf77cd4dd-vwdz8,adefc092-b99a-40d5-b69d-e38ca4ecf6a4
2025-07-12 05:51:28,0,kube_pod_container_status_restarts_total,mcp-kubernetes,kube-state-metrics.nimbusguard.svc:8080,prometheus.scrape.kube_state_metrics,nimbusguard,mcp-server-cf77cd4dd-vwdz8,adefc092-b99a-40d5-b69d-e38ca4ecf6a4
2025-07-12 05:52:28,0,kube_pod_container_status_restarts_total,mcp-kubernetes,kube-state-metrics.nimbusguard.svc:8080,prometheus.scrape.kube_state_metrics,nimbusguard,mcp-server-cf77cd4dd-vwdz8,adefc092-b99a-40d5-b69d-e38ca4ecf6a4
2025-07-12 05:53:28,0,kube_pod_container_status_restarts_total,mcp-kubernetes,kube-state-metrics.nimbusguard.svc:8080,prometheus.scrape.kube_state_metrics,nimbusguard,mcp-server-cf77cd4dd-vwdz8,adefc092-b99a-40d5-b69d-e38ca4ecf6a4
2025-07-12 05:54:28,0,kube_pod_container_status_restarts_total,mcp-kubernetes,kube-state-metrics.nimbusguard.svc:8080,prometheus.scrape.kube_state_metrics,nimbusguard,mcp-server-cf77cd4dd-vwdz8,adefc092-b99a-40d5-b69d-e38ca4ecf6a4
2025-07-12 05:55:28,0,kube_pod_container_status_restarts_total,mcp-kubernetes,kube-state-metrics.nimbusguard.svc:8080,prometheus.scrape.kube_state_metrics,nimbusguard,mcp-server-cf77cd4dd-vwdz8,adefc092-b99a-40d5-b69d-e38ca4ecf6a4
2025-07-12 05:56:28,0,kube_pod_container_status_restarts_total,mcp-kubernetes,kube-state-metrics.nimbusguard.svc:8080,prometheus.scrape.kube_state_metrics,nimbusguard,mcp-server-cf77cd4dd-vwdz8,adefc092-b99a-40d5-b69d-e38ca4ecf6a4
2025-07-12 05:57:28,0,kube_pod_container_status_restarts_total,mcp-kubernetes,kube-state-metrics.nimbusguard.svc:8080,prometheus.scrape.kube_state_metrics,nimbusguard,mcp-server-cf77cd4dd-vwdz8,adefc092-b99a-40d5-b69d-e38ca4ecf6a4
2025-07-12 05:58:28,0,kube_pod_container_status_restarts_total,mcp-kubernetes,kube-state-metrics.nimbusguard.svc:8080,prometheus.scrape.kube_state_metrics,nimbusguard,mcp-server-cf77cd4dd-vwdz8,adefc092-b99a-40d5-b69d-e38ca4ecf6a4
2025-07-12 05:59:28,0,kube_pod_container_status_restarts_total,mcp-kubernetes,kube-state-metrics.nimbusguard.svc:8080,prometheus.scrape.kube_state_metrics,nimbusguard,mcp-server-cf77cd4dd-vwdz8,adefc092-b99a-40d5-b69d-e38ca4ecf6a4
2025-07-12 06:00:28,0,kube_pod_container_status_restarts_total,mcp-kubernetes,kube-state-metrics.nimbusguard.svc:8080,prometheus.scrape.kube_state_metrics,nimbusguard,mcp-server-cf77cd4dd-vwdz8,adefc092-b99a-40d5-b69d-e38ca4ecf6a4
2025-07-12 06:01:28,0,kube_pod_container_status_restarts_total,mcp-kubernetes,kube-state-metrics.nimbusguard.svc:8080,prometheus.scrape.kube_state_metrics,nimbusguard,mcp-server-cf77cd4dd-vwdz8,adefc092-b99a-40d5-b69d-e38ca4ecf6a4
2025-07-12 06:02:28,0,kube_pod_container_status_restarts_total,mcp-kubernetes,kube-state-metrics.nimbusguard.svc:8080,prometheus.scrape.kube_state_metrics,nimbusguard,mcp-server-cf77cd4dd-vwdz8,adefc092-b99a-40d5-b69d-e38ca4ecf6a4
2025-07-12 06:03:28,0,kube_pod_container_status_restarts_total,mcp-kubernetes,kube-state-metrics.nimbusguard.svc:8080,prometheus.scrape.kube_state_metrics,nimbusguard,mcp-server-cf77cd4dd-vwdz8,adefc092-b99a-40d5-b69d-e38ca4ecf6a4
2025-07-12 06:04:28,0,kube_pod_container_status_restarts_total,mcp-kubernetes,kube-state-metrics.nimbusguard.svc:8080,prometheus.scrape.kube_state_metrics,nimbusguard,mcp-server-cf77cd4dd-vwdz8,adefc092-b99a-40d5-b69d-e38ca4ecf6a4
2025-07-12 06:05:28,0,kube_pod_container_status_restarts_total,mcp-kubernetes,kube-state-metrics.nimbusguard.svc:8080,prometheus.scrape.kube_state_metrics,nimbusguard,mcp-server-cf77cd4dd-vwdz8,adefc092-b99a-40d5-b69d-e38ca4ecf6a4
2025-07-12 06:06:28,0,kube_pod_container_status_restarts_total,mcp-kubernetes,kube-state-metrics.nimbusguard.svc:8080,prometheus.scrape.kube_state_metrics,nimbusguard,mcp-server-cf77cd4dd-vwdz8,adefc092-b99a-40d5-b69d-e38ca4ecf6a4
2025-07-12 06:07:28,0,kube_pod_container_status_restarts_total,mcp-kubernetes,kube-state-metrics.nimbusguard.svc:8080,prometheus.scrape.kube_state_metrics,nimbusguard,mcp-server-cf77cd4dd-vwdz8,adefc092-b99a-40d5-b69d-e38ca4ecf6a4
2025-07-12 06:08:28,0,kube_pod_container_status_restarts_total,mcp-kubernetes,kube-state-metrics.nimbusguard.svc:8080,prometheus.scrape.kube_state_metrics,nimbusguard,mcp-server-cf77cd4dd-vwdz8,adefc092-b99a-40d5-b69d-e38ca4ecf6a4
2025-07-12 06:09:28,0,kube_pod_container_status_restarts_total,mcp-kubernetes,kube-state-metrics.nimbusguard.svc:8080,prometheus.scrape.kube_state_metrics,nimbusguard,mcp-server-cf77cd4dd-vwdz8,adefc092-b99a-40d5-b69d-e38ca4ecf6a4
2025-07-12 06:10:28,0,kube_pod_container_status_restarts_total,mcp-kubernetes,kube-state-metrics.nimbusguard.svc:8080,prometheus.scrape.kube_state_metrics,nimbusguard,mcp-server-cf77cd4dd-vwdz8,adefc092-b99a-40d5-b69d-e38ca4ecf6a4
2025-07-12 06:11:28,0,kube_pod_container_status_restarts_total,mcp-kubernetes,kube-state-metrics.nimbusguard.svc:8080,prometheus.scrape.kube_state_metrics,nimbusguard,mcp-server-cf77cd4dd-vwdz8,adefc092-b99a-40d5-b69d-e38ca4ecf6a4
2025-07-12 06:12:28,0,kube_pod_container_status_restarts_total,mcp-kubernetes,kube-state-metrics.nimbusguard.svc:8080,prometheus.scrape.kube_state_metrics,nimbusguard,mcp-server-cf77cd4dd-vwdz8,adefc092-b99a-40d5-b69d-e38ca4ecf6a4
2025-07-12 06:13:28,0,kube_pod_container_status_restarts_total,mcp-kubernetes,kube-state-metrics.nimbusguard.svc:8080,prometheus.scrape.kube_state_metrics,nimbusguard,mcp-server-cf77cd4dd-vwdz8,adefc092-b99a-40d5-b69d-e38ca4ecf6a4
2025-07-12 05:29:28,0,kube_pod_container_status_restarts_total,metrics-server,10.244.1.4:8080,prometheus.scrape.annotated_pods,kube-system,metrics-server-fccfd5769-w4plh,8723a5d6-d302-40a1-9789-164792791beb
2025-07-12 05:30:28,0,kube_pod_container_status_restarts_total,metrics-server,10.244.1.4:8080,prometheus.scrape.annotated_pods,kube-system,metrics-server-fccfd5769-w4plh,8723a5d6-d302-40a1-9789-164792791beb
2025-07-12 05:31:28,0,kube_pod_container_status_restarts_total,metrics-server,10.244.1.4:8080,prometheus.scrape.annotated_pods,kube-system,metrics-server-fccfd5769-w4plh,8723a5d6-d302-40a1-9789-164792791beb
2025-07-12 05:32:28,0,kube_pod_container_status_restarts_total,metrics-server,10.244.1.4:8080,prometheus.scrape.annotated_pods,kube-system,metrics-server-fccfd5769-w4plh,8723a5d6-d302-40a1-9789-164792791beb
2025-07-12 05:33:28,0,kube_pod_container_status_restarts_total,metrics-server,10.244.1.4:8080,prometheus.scrape.annotated_pods,kube-system,metrics-server-fccfd5769-w4plh,8723a5d6-d302-40a1-9789-164792791beb
2025-07-12 05:34:28,0,kube_pod_container_status_restarts_total,metrics-server,10.244.1.4:8080,prometheus.scrape.annotated_pods,kube-system,metrics-server-fccfd5769-w4plh,8723a5d6-d302-40a1-9789-164792791beb
2025-07-12 05:35:28,0,kube_pod_container_status_restarts_total,metrics-server,10.244.1.4:8080,prometheus.scrape.annotated_pods,kube-system,metrics-server-fccfd5769-w4plh,8723a5d6-d302-40a1-9789-164792791beb
2025-07-12 05:36:28,0,kube_pod_container_status_restarts_total,metrics-server,10.244.1.4:8080,prometheus.scrape.annotated_pods,kube-system,metrics-server-fccfd5769-w4plh,8723a5d6-d302-40a1-9789-164792791beb
2025-07-12 05:37:28,0,kube_pod_container_status_restarts_total,metrics-server,10.244.1.4:8080,prometheus.scrape.annotated_pods,kube-system,metrics-server-fccfd5769-w4plh,8723a5d6-d302-40a1-9789-164792791beb
2025-07-12 05:38:28,0,kube_pod_container_status_restarts_total,metrics-server,10.244.1.4:8080,prometheus.scrape.annotated_pods,kube-system,metrics-server-fccfd5769-w4plh,8723a5d6-d302-40a1-9789-164792791beb
2025-07-12 05:39:28,0,kube_pod_container_status_restarts_total,metrics-server,10.244.1.4:8080,prometheus.scrape.annotated_pods,kube-system,metrics-server-fccfd5769-w4plh,8723a5d6-d302-40a1-9789-164792791beb
2025-07-12 05:40:28,0,kube_pod_container_status_restarts_total,metrics-server,10.244.1.4:8080,prometheus.scrape.annotated_pods,kube-system,metrics-server-fccfd5769-w4plh,8723a5d6-d302-40a1-9789-164792791beb
2025-07-12 05:41:28,0,kube_pod_container_status_restarts_total,metrics-server,10.244.1.4:8080,prometheus.scrape.annotated_pods,kube-system,metrics-server-fccfd5769-w4plh,8723a5d6-d302-40a1-9789-164792791beb
2025-07-12 05:42:28,0,kube_pod_container_status_restarts_total,metrics-server,10.244.1.4:8080,prometheus.scrape.annotated_pods,kube-system,metrics-server-fccfd5769-w4plh,8723a5d6-d302-40a1-9789-164792791beb
2025-07-12 05:43:28,0,kube_pod_container_status_restarts_total,metrics-server,10.244.1.4:8080,prometheus.scrape.annotated_pods,kube-system,metrics-server-fccfd5769-w4plh,8723a5d6-d302-40a1-9789-164792791beb
2025-07-12 05:44:28,0,kube_pod_container_status_restarts_total,metrics-server,10.244.1.4:8080,prometheus.scrape.annotated_pods,kube-system,metrics-server-fccfd5769-w4plh,8723a5d6-d302-40a1-9789-164792791beb
2025-07-12 05:45:28,0,kube_pod_container_status_restarts_total,metrics-server,10.244.1.4:8080,prometheus.scrape.annotated_pods,kube-system,metrics-server-fccfd5769-w4plh,8723a5d6-d302-40a1-9789-164792791beb
2025-07-12 05:46:28,0,kube_pod_container_status_restarts_total,metrics-server,10.244.1.4:8080,prometheus.scrape.annotated_pods,kube-system,metrics-server-fccfd5769-w4plh,8723a5d6-d302-40a1-9789-164792791beb
2025-07-12 05:47:28,0,kube_pod_container_status_restarts_total,metrics-server,10.244.1.4:8080,prometheus.scrape.annotated_pods,kube-system,metrics-server-fccfd5769-w4plh,8723a5d6-d302-40a1-9789-164792791beb
2025-07-12 05:48:28,0,kube_pod_container_status_restarts_total,metrics-server,10.244.1.4:8080,prometheus.scrape.annotated_pods,kube-system,metrics-server-fccfd5769-w4plh,8723a5d6-d302-40a1-9789-164792791beb
2025-07-12 05:49:28,0,kube_pod_container_status_restarts_total,metrics-server,10.244.1.4:8080,prometheus.scrape.annotated_pods,kube-system,metrics-server-fccfd5769-w4plh,8723a5d6-d302-40a1-9789-164792791beb
2025-07-12 05:50:28,0,kube_pod_container_status_restarts_total,metrics-server,10.244.1.4:8080,prometheus.scrape.annotated_pods,kube-system,metrics-server-fccfd5769-w4plh,8723a5d6-d302-40a1-9789-164792791beb
2025-07-12 05:51:28,0,kube_pod_container_status_restarts_total,metrics-server,10.244.1.4:8080,prometheus.scrape.annotated_pods,kube-system,metrics-server-fccfd5769-w4plh,8723a5d6-d302-40a1-9789-164792791beb
2025-07-12 05:52:28,0,kube_pod_container_status_restarts_total,metrics-server,10.244.1.4:8080,prometheus.scrape.annotated_pods,kube-system,metrics-server-fccfd5769-w4plh,8723a5d6-d302-40a1-9789-164792791beb
2025-07-12 05:53:28,0,kube_pod_container_status_restarts_total,metrics-server,10.244.1.4:8080,prometheus.scrape.annotated_pods,kube-system,metrics-server-fccfd5769-w4plh,8723a5d6-d302-40a1-9789-164792791beb
2025-07-12 05:54:28,0,kube_pod_container_status_restarts_total,metrics-server,10.244.1.4:8080,prometheus.scrape.annotated_pods,kube-system,metrics-server-fccfd5769-w4plh,8723a5d6-d302-40a1-9789-164792791beb
2025-07-12 05:55:28,0,kube_pod_container_status_restarts_total,metrics-server,10.244.1.4:8080,prometheus.scrape.annotated_pods,kube-system,metrics-server-fccfd5769-w4plh,8723a5d6-d302-40a1-9789-164792791beb
2025-07-12 05:56:28,0,kube_pod_container_status_restarts_total,metrics-server,10.244.1.4:8080,prometheus.scrape.annotated_pods,kube-system,metrics-server-fccfd5769-w4plh,8723a5d6-d302-40a1-9789-164792791beb
2025-07-12 05:57:28,0,kube_pod_container_status_restarts_total,metrics-server,10.244.1.4:8080,prometheus.scrape.annotated_pods,kube-system,metrics-server-fccfd5769-w4plh,8723a5d6-d302-40a1-9789-164792791beb
2025-07-12 05:58:28,0,kube_pod_container_status_restarts_total,metrics-server,10.244.1.4:8080,prometheus.scrape.annotated_pods,kube-system,metrics-server-fccfd5769-w4plh,8723a5d6-d302-40a1-9789-164792791beb
2025-07-12 05:59:28,0,kube_pod_container_status_restarts_total,metrics-server,10.244.1.4:8080,prometheus.scrape.annotated_pods,kube-system,metrics-server-fccfd5769-w4plh,8723a5d6-d302-40a1-9789-164792791beb
2025-07-12 06:00:28,0,kube_pod_container_status_restarts_total,metrics-server,10.244.1.4:8080,prometheus.scrape.annotated_pods,kube-system,metrics-server-fccfd5769-w4plh,8723a5d6-d302-40a1-9789-164792791beb
2025-07-12 06:01:28,0,kube_pod_container_status_restarts_total,metrics-server,10.244.1.4:8080,prometheus.scrape.annotated_pods,kube-system,metrics-server-fccfd5769-w4plh,8723a5d6-d302-40a1-9789-164792791beb
2025-07-12 06:02:28,0,kube_pod_container_status_restarts_total,metrics-server,10.244.1.4:8080,prometheus.scrape.annotated_pods,kube-system,metrics-server-fccfd5769-w4plh,8723a5d6-d302-40a1-9789-164792791beb
2025-07-12 06:03:28,0,kube_pod_container_status_restarts_total,metrics-server,10.244.1.4:8080,prometheus.scrape.annotated_pods,kube-system,metrics-server-fccfd5769-w4plh,8723a5d6-d302-40a1-9789-164792791beb
2025-07-12 06:04:28,0,kube_pod_container_status_restarts_total,metrics-server,10.244.1.4:8080,prometheus.scrape.annotated_pods,kube-system,metrics-server-fccfd5769-w4plh,8723a5d6-d302-40a1-9789-164792791beb
2025-07-12 06:05:28,0,kube_pod_container_status_restarts_total,metrics-server,10.244.1.4:8080,prometheus.scrape.annotated_pods,kube-system,metrics-server-fccfd5769-w4plh,8723a5d6-d302-40a1-9789-164792791beb
2025-07-12 06:06:28,0,kube_pod_container_status_restarts_total,metrics-server,10.244.1.4:8080,prometheus.scrape.annotated_pods,kube-system,metrics-server-fccfd5769-w4plh,8723a5d6-d302-40a1-9789-164792791beb
2025-07-12 06:07:28,0,kube_pod_container_status_restarts_total,metrics-server,10.244.1.4:8080,prometheus.scrape.annotated_pods,kube-system,metrics-server-fccfd5769-w4plh,8723a5d6-d302-40a1-9789-164792791beb
2025-07-12 06:08:28,0,kube_pod_container_status_restarts_total,metrics-server,10.244.1.4:8080,prometheus.scrape.annotated_pods,kube-system,metrics-server-fccfd5769-w4plh,8723a5d6-d302-40a1-9789-164792791beb
2025-07-12 06:09:28,0,kube_pod_container_status_restarts_total,metrics-server,10.244.1.4:8080,prometheus.scrape.annotated_pods,kube-system,metrics-server-fccfd5769-w4plh,8723a5d6-d302-40a1-9789-164792791beb
2025-07-12 06:10:28,0,kube_pod_container_status_restarts_total,metrics-server,10.244.1.4:8080,prometheus.scrape.annotated_pods,kube-system,metrics-server-fccfd5769-w4plh,8723a5d6-d302-40a1-9789-164792791beb
2025-07-12 06:11:28,0,kube_pod_container_status_restarts_total,metrics-server,10.244.1.4:8080,prometheus.scrape.annotated_pods,kube-system,metrics-server-fccfd5769-w4plh,8723a5d6-d302-40a1-9789-164792791beb
2025-07-12 06:12:28,0,kube_pod_container_status_restarts_total,metrics-server,10.244.1.4:8080,prometheus.scrape.annotated_pods,kube-system,metrics-server-fccfd5769-w4plh,8723a5d6-d302-40a1-9789-164792791beb
2025-07-12 06:13:28,0,kube_pod_container_status_restarts_total,metrics-server,10.244.1.4:8080,prometheus.scrape.annotated_pods,kube-system,metrics-server-fccfd5769-w4plh,8723a5d6-d302-40a1-9789-164792791beb
2025-07-12 05:30:28,0,kube_pod_container_status_restarts_total,metrics-server,kube-state-metrics.nimbusguard.svc:8080,prometheus.scrape.kube_state_metrics,kube-system,metrics-server-fccfd5769-w4plh,8723a5d6-d302-40a1-9789-164792791beb
2025-07-12 05:31:28,0,kube_pod_container_status_restarts_total,metrics-server,kube-state-metrics.nimbusguard.svc:8080,prometheus.scrape.kube_state_metrics,kube-system,metrics-server-fccfd5769-w4plh,8723a5d6-d302-40a1-9789-164792791beb
2025-07-12 05:32:28,0,kube_pod_container_status_restarts_total,metrics-server,kube-state-metrics.nimbusguard.svc:8080,prometheus.scrape.kube_state_metrics,kube-system,metrics-server-fccfd5769-w4plh,8723a5d6-d302-40a1-9789-164792791beb
2025-07-12 05:33:28,0,kube_pod_container_status_restarts_total,metrics-server,kube-state-metrics.nimbusguard.svc:8080,prometheus.scrape.kube_state_metrics,kube-system,metrics-server-fccfd5769-w4plh,8723a5d6-d302-40a1-9789-164792791beb
2025-07-12 05:34:28,0,kube_pod_container_status_restarts_total,metrics-server,kube-state-metrics.nimbusguard.svc:8080,prometheus.scrape.kube_state_metrics,kube-system,metrics-server-fccfd5769-w4plh,8723a5d6-d302-40a1-9789-164792791beb
2025-07-12 05:35:28,0,kube_pod_container_status_restarts_total,metrics-server,kube-state-metrics.nimbusguard.svc:8080,prometheus.scrape.kube_state_metrics,kube-system,metrics-server-fccfd5769-w4plh,8723a5d6-d302-40a1-9789-164792791beb
2025-07-12 05:36:28,0,kube_pod_container_status_restarts_total,metrics-server,kube-state-metrics.nimbusguard.svc:8080,prometheus.scrape.kube_state_metrics,kube-system,metrics-server-fccfd5769-w4plh,8723a5d6-d302-40a1-9789-164792791beb
2025-07-12 05:37:28,0,kube_pod_container_status_restarts_total,metrics-server,kube-state-metrics.nimbusguard.svc:8080,prometheus.scrape.kube_state_metrics,kube-system,metrics-server-fccfd5769-w4plh,8723a5d6-d302-40a1-9789-164792791beb
2025-07-12 05:38:28,0,kube_pod_container_status_restarts_total,metrics-server,kube-state-metrics.nimbusguard.svc:8080,prometheus.scrape.kube_state_metrics,kube-system,metrics-server-fccfd5769-w4plh,8723a5d6-d302-40a1-9789-164792791beb
2025-07-12 05:39:28,0,kube_pod_container_status_restarts_total,metrics-server,kube-state-metrics.nimbusguard.svc:8080,prometheus.scrape.kube_state_metrics,kube-system,metrics-server-fccfd5769-w4plh,8723a5d6-d302-40a1-9789-164792791beb
2025-07-12 05:40:28,0,kube_pod_container_status_restarts_total,metrics-server,kube-state-metrics.nimbusguard.svc:8080,prometheus.scrape.kube_state_metrics,kube-system,metrics-server-fccfd5769-w4plh,8723a5d6-d302-40a1-9789-164792791beb
2025-07-12 05:41:28,0,kube_pod_container_status_restarts_total,metrics-server,kube-state-metrics.nimbusguard.svc:8080,prometheus.scrape.kube_state_metrics,kube-system,metrics-server-fccfd5769-w4plh,8723a5d6-d302-40a1-9789-164792791beb
2025-07-12 05:42:28,0,kube_pod_container_status_restarts_total,metrics-server,kube-state-metrics.nimbusguard.svc:8080,prometheus.scrape.kube_state_metrics,kube-system,metrics-server-fccfd5769-w4plh,8723a5d6-d302-40a1-9789-164792791beb
2025-07-12 05:43:28,0,kube_pod_container_status_restarts_total,metrics-server,kube-state-metrics.nimbusguard.svc:8080,prometheus.scrape.kube_state_metrics,kube-system,metrics-server-fccfd5769-w4plh,8723a5d6-d302-40a1-9789-164792791beb
2025-07-12 05:44:28,0,kube_pod_container_status_restarts_total,metrics-server,kube-state-metrics.nimbusguard.svc:8080,prometheus.scrape.kube_state_metrics,kube-system,metrics-server-fccfd5769-w4plh,8723a5d6-d302-40a1-9789-164792791beb
2025-07-12 05:45:28,0,kube_pod_container_status_restarts_total,metrics-server,kube-state-metrics.nimbusguard.svc:8080,prometheus.scrape.kube_state_metrics,kube-system,metrics-server-fccfd5769-w4plh,8723a5d6-d302-40a1-9789-164792791beb
2025-07-12 05:46:28,0,kube_pod_container_status_restarts_total,metrics-server,kube-state-metrics.nimbusguard.svc:8080,prometheus.scrape.kube_state_metrics,kube-system,metrics-server-fccfd5769-w4plh,8723a5d6-d302-40a1-9789-164792791beb
2025-07-12 05:47:28,0,kube_pod_container_status_restarts_total,metrics-server,kube-state-metrics.nimbusguard.svc:8080,prometheus.scrape.kube_state_metrics,kube-system,metrics-server-fccfd5769-w4plh,8723a5d6-d302-40a1-9789-164792791beb
2025-07-12 05:48:28,0,kube_pod_container_status_restarts_total,metrics-server,kube-state-metrics.nimbusguard.svc:8080,prometheus.scrape.kube_state_metrics,kube-system,metrics-server-fccfd5769-w4plh,8723a5d6-d302-40a1-9789-164792791beb
2025-07-12 05:49:28,0,kube_pod_container_status_restarts_total,metrics-server,kube-state-metrics.nimbusguard.svc:8080,prometheus.scrape.kube_state_metrics,kube-system,metrics-server-fccfd5769-w4plh,8723a5d6-d302-40a1-9789-164792791beb
2025-07-12 05:50:28,0,kube_pod_container_status_restarts_total,metrics-server,kube-state-metrics.nimbusguard.svc:8080,prometheus.scrape.kube_state_metrics,kube-system,metrics-server-fccfd5769-w4plh,8723a5d6-d302-40a1-9789-164792791beb
2025-07-12 05:51:28,0,kube_pod_container_status_restarts_total,metrics-server,kube-state-metrics.nimbusguard.svc:8080,prometheus.scrape.kube_state_metrics,kube-system,metrics-server-fccfd5769-w4plh,8723a5d6-d302-40a1-9789-164792791beb
2025-07-12 05:52:28,0,kube_pod_container_status_restarts_total,metrics-server,kube-state-metrics.nimbusguard.svc:8080,prometheus.scrape.kube_state_metrics,kube-system,metrics-server-fccfd5769-w4plh,8723a5d6-d302-40a1-9789-164792791beb
2025-07-12 05:53:28,0,kube_pod_container_status_restarts_total,metrics-server,kube-state-metrics.nimbusguard.svc:8080,prometheus.scrape.kube_state_metrics,kube-system,metrics-server-fccfd5769-w4plh,8723a5d6-d302-40a1-9789-164792791beb
2025-07-12 05:54:28,0,kube_pod_container_status_restarts_total,metrics-server,kube-state-metrics.nimbusguard.svc:8080,prometheus.scrape.kube_state_metrics,kube-system,metrics-server-fccfd5769-w4plh,8723a5d6-d302-40a1-9789-164792791beb
2025-07-12 05:55:28,0,kube_pod_container_status_restarts_total,metrics-server,kube-state-metrics.nimbusguard.svc:8080,prometheus.scrape.kube_state_metrics,kube-system,metrics-server-fccfd5769-w4plh,8723a5d6-d302-40a1-9789-164792791beb
2025-07-12 05:56:28,0,kube_pod_container_status_restarts_total,metrics-server,kube-state-metrics.nimbusguard.svc:8080,prometheus.scrape.kube_state_metrics,kube-system,metrics-server-fccfd5769-w4plh,8723a5d6-d302-40a1-9789-164792791beb
2025-07-12 05:57:28,0,kube_pod_container_status_restarts_total,metrics-server,kube-state-metrics.nimbusguard.svc:8080,prometheus.scrape.kube_state_metrics,kube-system,metrics-server-fccfd5769-w4plh,8723a5d6-d302-40a1-9789-164792791beb
2025-07-12 05:58:28,0,kube_pod_container_status_restarts_total,metrics-server,kube-state-metrics.nimbusguard.svc:8080,prometheus.scrape.kube_state_metrics,kube-system,metrics-server-fccfd5769-w4plh,8723a5d6-d302-40a1-9789-164792791beb
2025-07-12 05:59:28,0,kube_pod_container_status_restarts_total,metrics-server,kube-state-metrics.nimbusguard.svc:8080,prometheus.scrape.kube_state_metrics,kube-system,metrics-server-fccfd5769-w4plh,8723a5d6-d302-40a1-9789-164792791beb
2025-07-12 06:00:28,0,kube_pod_container_status_restarts_total,metrics-server,kube-state-metrics.nimbusguard.svc:8080,prometheus.scrape.kube_state_metrics,kube-system,metrics-server-fccfd5769-w4plh,8723a5d6-d302-40a1-9789-164792791beb
2025-07-12 06:01:28,0,kube_pod_container_status_restarts_total,metrics-server,kube-state-metrics.nimbusguard.svc:8080,prometheus.scrape.kube_state_metrics,kube-system,metrics-server-fccfd5769-w4plh,8723a5d6-d302-40a1-9789-164792791beb
2025-07-12 06:02:28,0,kube_pod_container_status_restarts_total,metrics-server,kube-state-metrics.nimbusguard.svc:8080,prometheus.scrape.kube_state_metrics,kube-system,metrics-server-fccfd5769-w4plh,8723a5d6-d302-40a1-9789-164792791beb
2025-07-12 06:03:28,0,kube_pod_container_status_restarts_total,metrics-server,kube-state-metrics.nimbusguard.svc:8080,prometheus.scrape.kube_state_metrics,kube-system,metrics-server-fccfd5769-w4plh,8723a5d6-d302-40a1-9789-164792791beb
2025-07-12 06:04:28,0,kube_pod_container_status_restarts_total,metrics-server,kube-state-metrics.nimbusguard.svc:8080,prometheus.scrape.kube_state_metrics,kube-system,metrics-server-fccfd5769-w4plh,8723a5d6-d302-40a1-9789-164792791beb
2025-07-12 06:05:28,0,kube_pod_container_status_restarts_total,metrics-server,kube-state-metrics.nimbusguard.svc:8080,prometheus.scrape.kube_state_metrics,kube-system,metrics-server-fccfd5769-w4plh,8723a5d6-d302-40a1-9789-164792791beb
2025-07-12 06:06:28,0,kube_pod_container_status_restarts_total,metrics-server,kube-state-metrics.nimbusguard.svc:8080,prometheus.scrape.kube_state_metrics,kube-system,metrics-server-fccfd5769-w4plh,8723a5d6-d302-40a1-9789-164792791beb
2025-07-12 06:07:28,0,kube_pod_container_status_restarts_total,metrics-server,kube-state-metrics.nimbusguard.svc:8080,prometheus.scrape.kube_state_metrics,kube-system,metrics-server-fccfd5769-w4plh,8723a5d6-d302-40a1-9789-164792791beb
2025-07-12 06:08:28,0,kube_pod_container_status_restarts_total,metrics-server,kube-state-metrics.nimbusguard.svc:8080,prometheus.scrape.kube_state_metrics,kube-system,metrics-server-fccfd5769-w4plh,8723a5d6-d302-40a1-9789-164792791beb
2025-07-12 06:09:28,0,kube_pod_container_status_restarts_total,metrics-server,kube-state-metrics.nimbusguard.svc:8080,prometheus.scrape.kube_state_metrics,kube-system,metrics-server-fccfd5769-w4plh,8723a5d6-d302-40a1-9789-164792791beb
2025-07-12 06:10:28,0,kube_pod_container_status_restarts_total,metrics-server,kube-state-metrics.nimbusguard.svc:8080,prometheus.scrape.kube_state_metrics,kube-system,metrics-server-fccfd5769-w4plh,8723a5d6-d302-40a1-9789-164792791beb
2025-07-12 06:11:28,0,kube_pod_container_status_restarts_total,metrics-server,kube-state-metrics.nimbusguard.svc:8080,prometheus.scrape.kube_state_metrics,kube-system,metrics-server-fccfd5769-w4plh,8723a5d6-d302-40a1-9789-164792791beb
2025-07-12 06:12:28,0,kube_pod_container_status_restarts_total,metrics-server,kube-state-metrics.nimbusguard.svc:8080,prometheus.scrape.kube_state_metrics,kube-system,metrics-server-fccfd5769-w4plh,8723a5d6-d302-40a1-9789-164792791beb
2025-07-12 06:13:28,0,kube_pod_container_status_restarts_total,metrics-server,kube-state-metrics.nimbusguard.svc:8080,prometheus.scrape.kube_state_metrics,kube-system,metrics-server-fccfd5769-w4plh,8723a5d6-d302-40a1-9789-164792791beb
2025-07-12 05:29:28,0,kube_pod_container_status_restarts_total,minio,10.244.1.4:8080,prometheus.scrape.annotated_pods,nimbusguard,minio-744678b59d-lmvzx,52564dfe-1dcf-421e-9535-6a45533763e0
2025-07-12 05:30:28,0,kube_pod_container_status_restarts_total,minio,10.244.1.4:8080,prometheus.scrape.annotated_pods,nimbusguard,minio-744678b59d-lmvzx,52564dfe-1dcf-421e-9535-6a45533763e0
2025-07-12 05:31:28,0,kube_pod_container_status_restarts_total,minio,10.244.1.4:8080,prometheus.scrape.annotated_pods,nimbusguard,minio-744678b59d-lmvzx,52564dfe-1dcf-421e-9535-6a45533763e0
2025-07-12 05:32:28,0,kube_pod_container_status_restarts_total,minio,10.244.1.4:8080,prometheus.scrape.annotated_pods,nimbusguard,minio-744678b59d-lmvzx,52564dfe-1dcf-421e-9535-6a45533763e0
2025-07-12 05:33:28,0,kube_pod_container_status_restarts_total,minio,10.244.1.4:8080,prometheus.scrape.annotated_pods,nimbusguard,minio-744678b59d-lmvzx,52564dfe-1dcf-421e-9535-6a45533763e0
2025-07-12 05:34:28,0,kube_pod_container_status_restarts_total,minio,10.244.1.4:8080,prometheus.scrape.annotated_pods,nimbusguard,minio-744678b59d-lmvzx,52564dfe-1dcf-421e-9535-6a45533763e0
2025-07-12 05:35:28,0,kube_pod_container_status_restarts_total,minio,10.244.1.4:8080,prometheus.scrape.annotated_pods,nimbusguard,minio-744678b59d-lmvzx,52564dfe-1dcf-421e-9535-6a45533763e0
2025-07-12 05:36:28,0,kube_pod_container_status_restarts_total,minio,10.244.1.4:8080,prometheus.scrape.annotated_pods,nimbusguard,minio-744678b59d-lmvzx,52564dfe-1dcf-421e-9535-6a45533763e0
2025-07-12 05:37:28,0,kube_pod_container_status_restarts_total,minio,10.244.1.4:8080,prometheus.scrape.annotated_pods,nimbusguard,minio-744678b59d-lmvzx,52564dfe-1dcf-421e-9535-6a45533763e0
2025-07-12 05:38:28,0,kube_pod_container_status_restarts_total,minio,10.244.1.4:8080,prometheus.scrape.annotated_pods,nimbusguard,minio-744678b59d-lmvzx,52564dfe-1dcf-421e-9535-6a45533763e0
2025-07-12 05:39:28,0,kube_pod_container_status_restarts_total,minio,10.244.1.4:8080,prometheus.scrape.annotated_pods,nimbusguard,minio-744678b59d-lmvzx,52564dfe-1dcf-421e-9535-6a45533763e0
2025-07-12 05:40:28,0,kube_pod_container_status_restarts_total,minio,10.244.1.4:8080,prometheus.scrape.annotated_pods,nimbusguard,minio-744678b59d-lmvzx,52564dfe-1dcf-421e-9535-6a45533763e0
2025-07-12 05:41:28,0,kube_pod_container_status_restarts_total,minio,10.244.1.4:8080,prometheus.scrape.annotated_pods,nimbusguard,minio-744678b59d-lmvzx,52564dfe-1dcf-421e-9535-6a45533763e0
2025-07-12 05:42:28,0,kube_pod_container_status_restarts_total,minio,10.244.1.4:8080,prometheus.scrape.annotated_pods,nimbusguard,minio-744678b59d-lmvzx,52564dfe-1dcf-421e-9535-6a45533763e0
2025-07-12 05:43:28,0,kube_pod_container_status_restarts_total,minio,10.244.1.4:8080,prometheus.scrape.annotated_pods,nimbusguard,minio-744678b59d-lmvzx,52564dfe-1dcf-421e-9535-6a45533763e0
2025-07-12 05:44:28,0,kube_pod_container_status_restarts_total,minio,10.244.1.4:8080,prometheus.scrape.annotated_pods,nimbusguard,minio-744678b59d-lmvzx,52564dfe-1dcf-421e-9535-6a45533763e0
2025-07-12 05:45:28,0,kube_pod_container_status_restarts_total,minio,10.244.1.4:8080,prometheus.scrape.annotated_pods,nimbusguard,minio-744678b59d-lmvzx,52564dfe-1dcf-421e-9535-6a45533763e0
2025-07-12 05:46:28,0,kube_pod_container_status_restarts_total,minio,10.244.1.4:8080,prometheus.scrape.annotated_pods,nimbusguard,minio-744678b59d-lmvzx,52564dfe-1dcf-421e-9535-6a45533763e0
2025-07-12 05:47:28,0,kube_pod_container_status_restarts_total,minio,10.244.1.4:8080,prometheus.scrape.annotated_pods,nimbusguard,minio-744678b59d-lmvzx,52564dfe-1dcf-421e-9535-6a45533763e0
2025-07-12 05:48:28,0,kube_pod_container_status_restarts_total,minio,10.244.1.4:8080,prometheus.scrape.annotated_pods,nimbusguard,minio-744678b59d-lmvzx,52564dfe-1dcf-421e-9535-6a45533763e0
2025-07-12 05:49:28,0,kube_pod_container_status_restarts_total,minio,10.244.1.4:8080,prometheus.scrape.annotated_pods,nimbusguard,minio-744678b59d-lmvzx,52564dfe-1dcf-421e-9535-6a45533763e0
2025-07-12 05:50:28,0,kube_pod_container_status_restarts_total,minio,10.244.1.4:8080,prometheus.scrape.annotated_pods,nimbusguard,minio-744678b59d-lmvzx,52564dfe-1dcf-421e-9535-6a45533763e0
2025-07-12 05:51:28,0,kube_pod_container_status_restarts_total,minio,10.244.1.4:8080,prometheus.scrape.annotated_pods,nimbusguard,minio-744678b59d-lmvzx,52564dfe-1dcf-421e-9535-6a45533763e0
2025-07-12 05:52:28,0,kube_pod_container_status_restarts_total,minio,10.244.1.4:8080,prometheus.scrape.annotated_pods,nimbusguard,minio-744678b59d-lmvzx,52564dfe-1dcf-421e-9535-6a45533763e0
2025-07-12 05:53:28,0,kube_pod_container_status_restarts_total,minio,10.244.1.4:8080,prometheus.scrape.annotated_pods,nimbusguard,minio-744678b59d-lmvzx,52564dfe-1dcf-421e-9535-6a45533763e0
2025-07-12 05:54:28,0,kube_pod_container_status_restarts_total,minio,10.244.1.4:8080,prometheus.scrape.annotated_pods,nimbusguard,minio-744678b59d-lmvzx,52564dfe-1dcf-421e-9535-6a45533763e0
2025-07-12 05:55:28,0,kube_pod_container_status_restarts_total,minio,10.244.1.4:8080,prometheus.scrape.annotated_pods,nimbusguard,minio-744678b59d-lmvzx,52564dfe-1dcf-421e-9535-6a45533763e0
2025-07-12 05:56:28,0,kube_pod_container_status_restarts_total,minio,10.244.1.4:8080,prometheus.scrape.annotated_pods,nimbusguard,minio-744678b59d-lmvzx,52564dfe-1dcf-421e-9535-6a45533763e0
2025-07-12 05:57:28,0,kube_pod_container_status_restarts_total,minio,10.244.1.4:8080,prometheus.scrape.annotated_pods,nimbusguard,minio-744678b59d-lmvzx,52564dfe-1dcf-421e-9535-6a45533763e0
2025-07-12 05:58:28,0,kube_pod_container_status_restarts_total,minio,10.244.1.4:8080,prometheus.scrape.annotated_pods,nimbusguard,minio-744678b59d-lmvzx,52564dfe-1dcf-421e-9535-6a45533763e0
2025-07-12 05:59:28,0,kube_pod_container_status_restarts_total,minio,10.244.1.4:8080,prometheus.scrape.annotated_pods,nimbusguard,minio-744678b59d-lmvzx,52564dfe-1dcf-421e-9535-6a45533763e0
2025-07-12 06:00:28,0,kube_pod_container_status_restarts_total,minio,10.244.1.4:8080,prometheus.scrape.annotated_pods,nimbusguard,minio-744678b59d-lmvzx,52564dfe-1dcf-421e-9535-6a45533763e0
2025-07-12 06:01:28,0,kube_pod_container_status_restarts_total,minio,10.244.1.4:8080,prometheus.scrape.annotated_pods,nimbusguard,minio-744678b59d-lmvzx,52564dfe-1dcf-421e-9535-6a45533763e0
2025-07-12 06:02:28,0,kube_pod_container_status_restarts_total,minio,10.244.1.4:8080,prometheus.scrape.annotated_pods,nimbusguard,minio-744678b59d-lmvzx,52564dfe-1dcf-421e-9535-6a45533763e0
2025-07-12 06:03:28,0,kube_pod_container_status_restarts_total,minio,10.244.1.4:8080,prometheus.scrape.annotated_pods,nimbusguard,minio-744678b59d-lmvzx,52564dfe-1dcf-421e-9535-6a45533763e0
2025-07-12 06:04:28,0,kube_pod_container_status_restarts_total,minio,10.244.1.4:8080,prometheus.scrape.annotated_pods,nimbusguard,minio-744678b59d-lmvzx,52564dfe-1dcf-421e-9535-6a45533763e0
2025-07-12 06:05:28,0,kube_pod_container_status_restarts_total,minio,10.244.1.4:8080,prometheus.scrape.annotated_pods,nimbusguard,minio-744678b59d-lmvzx,52564dfe-1dcf-421e-9535-6a45533763e0
2025-07-12 06:06:28,0,kube_pod_container_status_restarts_total,minio,10.244.1.4:8080,prometheus.scrape.annotated_pods,nimbusguard,minio-744678b59d-lmvzx,52564dfe-1dcf-421e-9535-6a45533763e0
2025-07-12 06:07:28,0,kube_pod_container_status_restarts_total,minio,10.244.1.4:8080,prometheus.scrape.annotated_pods,nimbusguard,minio-744678b59d-lmvzx,52564dfe-1dcf-421e-9535-6a45533763e0
2025-07-12 06:08:28,0,kube_pod_container_status_restarts_total,minio,10.244.1.4:8080,prometheus.scrape.annotated_pods,nimbusguard,minio-744678b59d-lmvzx,52564dfe-1dcf-421e-9535-6a45533763e0
2025-07-12 06:09:28,0,kube_pod_container_status_restarts_total,minio,10.244.1.4:8080,prometheus.scrape.annotated_pods,nimbusguard,minio-744678b59d-lmvzx,52564dfe-1dcf-421e-9535-6a45533763e0
2025-07-12 06:10:28,0,kube_pod_container_status_restarts_total,minio,10.244.1.4:8080,prometheus.scrape.annotated_pods,nimbusguard,minio-744678b59d-lmvzx,52564dfe-1dcf-421e-9535-6a45533763e0
2025-07-12 06:11:28,0,kube_pod_container_status_restarts_total,minio,10.244.1.4:8080,prometheus.scrape.annotated_pods,nimbusguard,minio-744678b59d-lmvzx,52564dfe-1dcf-421e-9535-6a45533763e0
2025-07-12 06:12:28,0,kube_pod_container_status_restarts_total,minio,10.244.1.4:8080,prometheus.scrape.annotated_pods,nimbusguard,minio-744678b59d-lmvzx,52564dfe-1dcf-421e-9535-6a45533763e0
2025-07-12 06:13:28,0,kube_pod_container_status_restarts_total,minio,10.244.1.4:8080,prometheus.scrape.annotated_pods,nimbusguard,minio-744678b59d-lmvzx,52564dfe-1dcf-421e-9535-6a45533763e0
2025-07-12 05:30:28,0,kube_pod_container_status_restarts_total,minio,kube-state-metrics.nimbusguard.svc:8080,prometheus.scrape.kube_state_metrics,nimbusguard,minio-744678b59d-lmvzx,52564dfe-1dcf-421e-9535-6a45533763e0
2025-07-12 05:31:28,0,kube_pod_container_status_restarts_total,minio,kube-state-metrics.nimbusguard.svc:8080,prometheus.scrape.kube_state_metrics,nimbusguard,minio-744678b59d-lmvzx,52564dfe-1dcf-421e-9535-6a45533763e0
2025-07-12 05:32:28,0,kube_pod_container_status_restarts_total,minio,kube-state-metrics.nimbusguard.svc:8080,prometheus.scrape.kube_state_metrics,nimbusguard,minio-744678b59d-lmvzx,52564dfe-1dcf-421e-9535-6a45533763e0
2025-07-12 05:33:28,0,kube_pod_container_status_restarts_total,minio,kube-state-metrics.nimbusguard.svc:8080,prometheus.scrape.kube_state_metrics,nimbusguard,minio-744678b59d-lmvzx,52564dfe-1dcf-421e-9535-6a45533763e0
2025-07-12 05:34:28,0,kube_pod_container_status_restarts_total,minio,kube-state-metrics.nimbusguard.svc:8080,prometheus.scrape.kube_state_metrics,nimbusguard,minio-744678b59d-lmvzx,52564dfe-1dcf-421e-9535-6a45533763e0
2025-07-12 05:35:28,0,kube_pod_container_status_restarts_total,minio,kube-state-metrics.nimbusguard.svc:8080,prometheus.scrape.kube_state_metrics,nimbusguard,minio-744678b59d-lmvzx,52564dfe-1dcf-421e-9535-6a45533763e0
2025-07-12 05:36:28,0,kube_pod_container_status_restarts_total,minio,kube-state-metrics.nimbusguard.svc:8080,prometheus.scrape.kube_state_metrics,nimbusguard,minio-744678b59d-lmvzx,52564dfe-1dcf-421e-9535-6a45533763e0
2025-07-12 05:37:28,0,kube_pod_container_status_restarts_total,minio,kube-state-metrics.nimbusguard.svc:8080,prometheus.scrape.kube_state_metrics,nimbusguard,minio-744678b59d-lmvzx,52564dfe-1dcf-421e-9535-6a45533763e0
2025-07-12 05:38:28,0,kube_pod_container_status_restarts_total,minio,kube-state-metrics.nimbusguard.svc:8080,prometheus.scrape.kube_state_metrics,nimbusguard,minio-744678b59d-lmvzx,52564dfe-1dcf-421e-9535-6a45533763e0
2025-07-12 05:39:28,0,kube_pod_container_status_restarts_total,minio,kube-state-metrics.nimbusguard.svc:8080,prometheus.scrape.kube_state_metrics,nimbusguard,minio-744678b59d-lmvzx,52564dfe-1dcf-421e-9535-6a45533763e0
2025-07-12 05:40:28,0,kube_pod_container_status_restarts_total,minio,kube-state-metrics.nimbusguard.svc:8080,prometheus.scrape.kube_state_metrics,nimbusguard,minio-744678b59d-lmvzx,52564dfe-1dcf-421e-9535-6a45533763e0
2025-07-12 05:41:28,0,kube_pod_container_status_restarts_total,minio,kube-state-metrics.nimbusguard.svc:8080,prometheus.scrape.kube_state_metrics,nimbusguard,minio-744678b59d-lmvzx,52564dfe-1dcf-421e-9535-6a45533763e0
2025-07-12 05:42:28,0,kube_pod_container_status_restarts_total,minio,kube-state-metrics.nimbusguard.svc:8080,prometheus.scrape.kube_state_metrics,nimbusguard,minio-744678b59d-lmvzx,52564dfe-1dcf-421e-9535-6a45533763e0
2025-07-12 05:43:28,0,kube_pod_container_status_restarts_total,minio,kube-state-metrics.nimbusguard.svc:8080,prometheus.scrape.kube_state_metrics,nimbusguard,minio-744678b59d-lmvzx,52564dfe-1dcf-421e-9535-6a45533763e0
2025-07-12 05:44:28,0,kube_pod_container_status_restarts_total,minio,kube-state-metrics.nimbusguard.svc:8080,prometheus.scrape.kube_state_metrics,nimbusguard,minio-744678b59d-lmvzx,52564dfe-1dcf-421e-9535-6a45533763e0
2025-07-12 05:45:28,0,kube_pod_container_status_restarts_total,minio,kube-state-metrics.nimbusguard.svc:8080,prometheus.scrape.kube_state_metrics,nimbusguard,minio-744678b59d-lmvzx,52564dfe-1dcf-421e-9535-6a45533763e0
2025-07-12 05:46:28,0,kube_pod_container_status_restarts_total,minio,kube-state-metrics.nimbusguard.svc:8080,prometheus.scrape.kube_state_metrics,nimbusguard,minio-744678b59d-lmvzx,52564dfe-1dcf-421e-9535-6a45533763e0
2025-07-12 05:47:28,0,kube_pod_container_status_restarts_total,minio,kube-state-metrics.nimbusguard.svc:8080,prometheus.scrape.kube_state_metrics,nimbusguard,minio-744678b59d-lmvzx,52564dfe-1dcf-421e-9535-6a45533763e0
2025-07-12 05:48:28,0,kube_pod_container_status_restarts_total,minio,kube-state-metrics.nimbusguard.svc:8080,prometheus.scrape.kube_state_metrics,nimbusguard,minio-744678b59d-lmvzx,52564dfe-1dcf-421e-9535-6a45533763e0
2025-07-12 05:49:28,0,kube_pod_container_status_restarts_total,minio,kube-state-metrics.nimbusguard.svc:8080,prometheus.scrape.kube_state_metrics,nimbusguard,minio-744678b59d-lmvzx,52564dfe-1dcf-421e-9535-6a45533763e0
2025-07-12 05:50:28,0,kube_pod_container_status_restarts_total,minio,kube-state-metrics.nimbusguard.svc:8080,prometheus.scrape.kube_state_metrics,nimbusguard,minio-744678b59d-lmvzx,52564dfe-1dcf-421e-9535-6a45533763e0
2025-07-12 05:51:28,0,kube_pod_container_status_restarts_total,minio,kube-state-metrics.nimbusguard.svc:8080,prometheus.scrape.kube_state_metrics,nimbusguard,minio-744678b59d-lmvzx,52564dfe-1dcf-421e-9535-6a45533763e0
2025-07-12 05:52:28,0,kube_pod_container_status_restarts_total,minio,kube-state-metrics.nimbusguard.svc:8080,prometheus.scrape.kube_state_metrics,nimbusguard,minio-744678b59d-lmvzx,52564dfe-1dcf-421e-9535-6a45533763e0
2025-07-12 05:53:28,0,kube_pod_container_status_restarts_total,minio,kube-state-metrics.nimbusguard.svc:8080,prometheus.scrape.kube_state_metrics,nimbusguard,minio-744678b59d-lmvzx,52564dfe-1dcf-421e-9535-6a45533763e0
2025-07-12 05:54:28,0,kube_pod_container_status_restarts_total,minio,kube-state-metrics.nimbusguard.svc:8080,prometheus.scrape.kube_state_metrics,nimbusguard,minio-744678b59d-lmvzx,52564dfe-1dcf-421e-9535-6a45533763e0
2025-07-12 05:55:28,0,kube_pod_container_status_restarts_total,minio,kube-state-metrics.nimbusguard.svc:8080,prometheus.scrape.kube_state_metrics,nimbusguard,minio-744678b59d-lmvzx,52564dfe-1dcf-421e-9535-6a45533763e0
2025-07-12 05:56:28,0,kube_pod_container_status_restarts_total,minio,kube-state-metrics.nimbusguard.svc:8080,prometheus.scrape.kube_state_metrics,nimbusguard,minio-744678b59d-lmvzx,52564dfe-1dcf-421e-9535-6a45533763e0
2025-07-12 05:57:28,0,kube_pod_container_status_restarts_total,minio,kube-state-metrics.nimbusguard.svc:8080,prometheus.scrape.kube_state_metrics,nimbusguard,minio-744678b59d-lmvzx,52564dfe-1dcf-421e-9535-6a45533763e0
2025-07-12 05:58:28,0,kube_pod_container_status_restarts_total,minio,kube-state-metrics.nimbusguard.svc:8080,prometheus.scrape.kube_state_metrics,nimbusguard,minio-744678b59d-lmvzx,52564dfe-1dcf-421e-9535-6a45533763e0
2025-07-12 05:59:28,0,kube_pod_container_status_restarts_total,minio,kube-state-metrics.nimbusguard.svc:8080,prometheus.scrape.kube_state_metrics,nimbusguard,minio-744678b59d-lmvzx,52564dfe-1dcf-421e-9535-6a45533763e0
2025-07-12 06:00:28,0,kube_pod_container_status_restarts_total,minio,kube-state-metrics.nimbusguard.svc:8080,prometheus.scrape.kube_state_metrics,nimbusguard,minio-744678b59d-lmvzx,52564dfe-1dcf-421e-9535-6a45533763e0
2025-07-12 06:01:28,0,kube_pod_container_status_restarts_total,minio,kube-state-metrics.nimbusguard.svc:8080,prometheus.scrape.kube_state_metrics,nimbusguard,minio-744678b59d-lmvzx,52564dfe-1dcf-421e-9535-6a45533763e0
2025-07-12 06:02:28,0,kube_pod_container_status_restarts_total,minio,kube-state-metrics.nimbusguard.svc:8080,prometheus.scrape.kube_state_metrics,nimbusguard,minio-744678b59d-lmvzx,52564dfe-1dcf-421e-9535-6a45533763e0
2025-07-12 06:03:28,0,kube_pod_container_status_restarts_total,minio,kube-state-metrics.nimbusguard.svc:8080,prometheus.scrape.kube_state_metrics,nimbusguard,minio-744678b59d-lmvzx,52564dfe-1dcf-421e-9535-6a45533763e0
2025-07-12 06:04:28,0,kube_pod_container_status_restarts_total,minio,kube-state-metrics.nimbusguard.svc:8080,prometheus.scrape.kube_state_metrics,nimbusguard,minio-744678b59d-lmvzx,52564dfe-1dcf-421e-9535-6a45533763e0
2025-07-12 06:05:28,0,kube_pod_container_status_restarts_total,minio,kube-state-metrics.nimbusguard.svc:8080,prometheus.scrape.kube_state_metrics,nimbusguard,minio-744678b59d-lmvzx,52564dfe-1dcf-421e-9535-6a45533763e0
2025-07-12 06:06:28,0,kube_pod_container_status_restarts_total,minio,kube-state-metrics.nimbusguard.svc:8080,prometheus.scrape.kube_state_metrics,nimbusguard,minio-744678b59d-lmvzx,52564dfe-1dcf-421e-9535-6a45533763e0
2025-07-12 06:07:28,0,kube_pod_container_status_restarts_total,minio,kube-state-metrics.nimbusguard.svc:8080,prometheus.scrape.kube_state_metrics,nimbusguard,minio-744678b59d-lmvzx,52564dfe-1dcf-421e-9535-6a45533763e0
2025-07-12 06:08:28,0,kube_pod_container_status_restarts_total,minio,kube-state-metrics.nimbusguard.svc:8080,prometheus.scrape.kube_state_metrics,nimbusguard,minio-744678b59d-lmvzx,52564dfe-1dcf-421e-9535-6a45533763e0
2025-07-12 06:09:28,0,kube_pod_container_status_restarts_total,minio,kube-state-metrics.nimbusguard.svc:8080,prometheus.scrape.kube_state_metrics,nimbusguard,minio-744678b59d-lmvzx,52564dfe-1dcf-421e-9535-6a45533763e0
2025-07-12 06:10:28,0,kube_pod_container_status_restarts_total,minio,kube-state-metrics.nimbusguard.svc:8080,prometheus.scrape.kube_state_metrics,nimbusguard,minio-744678b59d-lmvzx,52564dfe-1dcf-421e-9535-6a45533763e0
2025-07-12 06:11:28,0,kube_pod_container_status_restarts_total,minio,kube-state-metrics.nimbusguard.svc:8080,prometheus.scrape.kube_state_metrics,nimbusguard,minio-744678b59d-lmvzx,52564dfe-1dcf-421e-9535-6a45533763e0
2025-07-12 06:12:28,0,kube_pod_container_status_restarts_total,minio,kube-state-metrics.nimbusguard.svc:8080,prometheus.scrape.kube_state_metrics,nimbusguard,minio-744678b59d-lmvzx,52564dfe-1dcf-421e-9535-6a45533763e0
2025-07-12 06:13:28,0,kube_pod_container_status_restarts_total,minio,kube-state-metrics.nimbusguard.svc:8080,prometheus.scrape.kube_state_metrics,nimbusguard,minio-744678b59d-lmvzx,52564dfe-1dcf-421e-9535-6a45533763e0
2025-07-12 05:29:28,0,kube_pod_container_status_restarts_total,node-exporter,10.244.1.4:8080,prometheus.scrape.annotated_pods,nimbusguard,node-exporter-hsf6w,cda54c64-add3-4ad5-9a28-e2f98ebbf735
2025-07-12 05:30:28,0,kube_pod_container_status_restarts_total,node-exporter,10.244.1.4:8080,prometheus.scrape.annotated_pods,nimbusguard,node-exporter-hsf6w,cda54c64-add3-4ad5-9a28-e2f98ebbf735
2025-07-12 05:31:28,0,kube_pod_container_status_restarts_total,node-exporter,10.244.1.4:8080,prometheus.scrape.annotated_pods,nimbusguard,node-exporter-hsf6w,cda54c64-add3-4ad5-9a28-e2f98ebbf735
2025-07-12 05:32:28,0,kube_pod_container_status_restarts_total,node-exporter,10.244.1.4:8080,prometheus.scrape.annotated_pods,nimbusguard,node-exporter-hsf6w,cda54c64-add3-4ad5-9a28-e2f98ebbf735
2025-07-12 05:33:28,0,kube_pod_container_status_restarts_total,node-exporter,10.244.1.4:8080,prometheus.scrape.annotated_pods,nimbusguard,node-exporter-hsf6w,cda54c64-add3-4ad5-9a28-e2f98ebbf735
2025-07-12 05:34:28,0,kube_pod_container_status_restarts_total,node-exporter,10.244.1.4:8080,prometheus.scrape.annotated_pods,nimbusguard,node-exporter-hsf6w,cda54c64-add3-4ad5-9a28-e2f98ebbf735
2025-07-12 05:35:28,0,kube_pod_container_status_restarts_total,node-exporter,10.244.1.4:8080,prometheus.scrape.annotated_pods,nimbusguard,node-exporter-hsf6w,cda54c64-add3-4ad5-9a28-e2f98ebbf735
2025-07-12 05:36:28,0,kube_pod_container_status_restarts_total,node-exporter,10.244.1.4:8080,prometheus.scrape.annotated_pods,nimbusguard,node-exporter-hsf6w,cda54c64-add3-4ad5-9a28-e2f98ebbf735
2025-07-12 05:37:28,0,kube_pod_container_status_restarts_total,node-exporter,10.244.1.4:8080,prometheus.scrape.annotated_pods,nimbusguard,node-exporter-hsf6w,cda54c64-add3-4ad5-9a28-e2f98ebbf735
2025-07-12 05:38:28,0,kube_pod_container_status_restarts_total,node-exporter,10.244.1.4:8080,prometheus.scrape.annotated_pods,nimbusguard,node-exporter-hsf6w,cda54c64-add3-4ad5-9a28-e2f98ebbf735
2025-07-12 05:39:28,0,kube_pod_container_status_restarts_total,node-exporter,10.244.1.4:8080,prometheus.scrape.annotated_pods,nimbusguard,node-exporter-hsf6w,cda54c64-add3-4ad5-9a28-e2f98ebbf735
2025-07-12 05:40:28,0,kube_pod_container_status_restarts_total,node-exporter,10.244.1.4:8080,prometheus.scrape.annotated_pods,nimbusguard,node-exporter-hsf6w,cda54c64-add3-4ad5-9a28-e2f98ebbf735
2025-07-12 05:41:28,0,kube_pod_container_status_restarts_total,node-exporter,10.244.1.4:8080,prometheus.scrape.annotated_pods,nimbusguard,node-exporter-hsf6w,cda54c64-add3-4ad5-9a28-e2f98ebbf735
2025-07-12 05:42:28,0,kube_pod_container_status_restarts_total,node-exporter,10.244.1.4:8080,prometheus.scrape.annotated_pods,nimbusguard,node-exporter-hsf6w,cda54c64-add3-4ad5-9a28-e2f98ebbf735
2025-07-12 05:43:28,0,kube_pod_container_status_restarts_total,node-exporter,10.244.1.4:8080,prometheus.scrape.annotated_pods,nimbusguard,node-exporter-hsf6w,cda54c64-add3-4ad5-9a28-e2f98ebbf735
2025-07-12 05:44:28,0,kube_pod_container_status_restarts_total,node-exporter,10.244.1.4:8080,prometheus.scrape.annotated_pods,nimbusguard,node-exporter-hsf6w,cda54c64-add3-4ad5-9a28-e2f98ebbf735
2025-07-12 05:45:28,0,kube_pod_container_status_restarts_total,node-exporter,10.244.1.4:8080,prometheus.scrape.annotated_pods,nimbusguard,node-exporter-hsf6w,cda54c64-add3-4ad5-9a28-e2f98ebbf735
2025-07-12 05:46:28,0,kube_pod_container_status_restarts_total,node-exporter,10.244.1.4:8080,prometheus.scrape.annotated_pods,nimbusguard,node-exporter-hsf6w,cda54c64-add3-4ad5-9a28-e2f98ebbf735
2025-07-12 05:47:28,0,kube_pod_container_status_restarts_total,node-exporter,10.244.1.4:8080,prometheus.scrape.annotated_pods,nimbusguard,node-exporter-hsf6w,cda54c64-add3-4ad5-9a28-e2f98ebbf735
2025-07-12 05:48:28,0,kube_pod_container_status_restarts_total,node-exporter,10.244.1.4:8080,prometheus.scrape.annotated_pods,nimbusguard,node-exporter-hsf6w,cda54c64-add3-4ad5-9a28-e2f98ebbf735
2025-07-12 05:49:28,0,kube_pod_container_status_restarts_total,node-exporter,10.244.1.4:8080,prometheus.scrape.annotated_pods,nimbusguard,node-exporter-hsf6w,cda54c64-add3-4ad5-9a28-e2f98ebbf735
2025-07-12 05:50:28,0,kube_pod_container_status_restarts_total,node-exporter,10.244.1.4:8080,prometheus.scrape.annotated_pods,nimbusguard,node-exporter-hsf6w,cda54c64-add3-4ad5-9a28-e2f98ebbf735
2025-07-12 05:51:28,0,kube_pod_container_status_restarts_total,node-exporter,10.244.1.4:8080,prometheus.scrape.annotated_pods,nimbusguard,node-exporter-hsf6w,cda54c64-add3-4ad5-9a28-e2f98ebbf735
2025-07-12 05:52:28,0,kube_pod_container_status_restarts_total,node-exporter,10.244.1.4:8080,prometheus.scrape.annotated_pods,nimbusguard,node-exporter-hsf6w,cda54c64-add3-4ad5-9a28-e2f98ebbf735
2025-07-12 05:53:28,0,kube_pod_container_status_restarts_total,node-exporter,10.244.1.4:8080,prometheus.scrape.annotated_pods,nimbusguard,node-exporter-hsf6w,cda54c64-add3-4ad5-9a28-e2f98ebbf735
2025-07-12 05:54:28,0,kube_pod_container_status_restarts_total,node-exporter,10.244.1.4:8080,prometheus.scrape.annotated_pods,nimbusguard,node-exporter-hsf6w,cda54c64-add3-4ad5-9a28-e2f98ebbf735
2025-07-12 05:55:28,0,kube_pod_container_status_restarts_total,node-exporter,10.244.1.4:8080,prometheus.scrape.annotated_pods,nimbusguard,node-exporter-hsf6w,cda54c64-add3-4ad5-9a28-e2f98ebbf735
2025-07-12 05:56:28,0,kube_pod_container_status_restarts_total,node-exporter,10.244.1.4:8080,prometheus.scrape.annotated_pods,nimbusguard,node-exporter-hsf6w,cda54c64-add3-4ad5-9a28-e2f98ebbf735
2025-07-12 05:57:28,0,kube_pod_container_status_restarts_total,node-exporter,10.244.1.4:8080,prometheus.scrape.annotated_pods,nimbusguard,node-exporter-hsf6w,cda54c64-add3-4ad5-9a28-e2f98ebbf735
2025-07-12 05:58:28,0,kube_pod_container_status_restarts_total,node-exporter,10.244.1.4:8080,prometheus.scrape.annotated_pods,nimbusguard,node-exporter-hsf6w,cda54c64-add3-4ad5-9a28-e2f98ebbf735
2025-07-12 05:59:28,0,kube_pod_container_status_restarts_total,node-exporter,10.244.1.4:8080,prometheus.scrape.annotated_pods,nimbusguard,node-exporter-hsf6w,cda54c64-add3-4ad5-9a28-e2f98ebbf735
2025-07-12 06:00:28,0,kube_pod_container_status_restarts_total,node-exporter,10.244.1.4:8080,prometheus.scrape.annotated_pods,nimbusguard,node-exporter-hsf6w,cda54c64-add3-4ad5-9a28-e2f98ebbf735
2025-07-12 06:01:28,0,kube_pod_container_status_restarts_total,node-exporter,10.244.1.4:8080,prometheus.scrape.annotated_pods,nimbusguard,node-exporter-hsf6w,cda54c64-add3-4ad5-9a28-e2f98ebbf735
2025-07-12 06:02:28,0,kube_pod_container_status_restarts_total,node-exporter,10.244.1.4:8080,prometheus.scrape.annotated_pods,nimbusguard,node-exporter-hsf6w,cda54c64-add3-4ad5-9a28-e2f98ebbf735
2025-07-12 06:03:28,0,kube_pod_container_status_restarts_total,node-exporter,10.244.1.4:8080,prometheus.scrape.annotated_pods,nimbusguard,node-exporter-hsf6w,cda54c64-add3-4ad5-9a28-e2f98ebbf735
2025-07-12 06:04:28,0,kube_pod_container_status_restarts_total,node-exporter,10.244.1.4:8080,prometheus.scrape.annotated_pods,nimbusguard,node-exporter-hsf6w,cda54c64-add3-4ad5-9a28-e2f98ebbf735
2025-07-12 06:05:28,0,kube_pod_container_status_restarts_total,node-exporter,10.244.1.4:8080,prometheus.scrape.annotated_pods,nimbusguard,node-exporter-hsf6w,cda54c64-add3-4ad5-9a28-e2f98ebbf735
2025-07-12 06:06:28,0,kube_pod_container_status_restarts_total,node-exporter,10.244.1.4:8080,prometheus.scrape.annotated_pods,nimbusguard,node-exporter-hsf6w,cda54c64-add3-4ad5-9a28-e2f98ebbf735
2025-07-12 06:07:28,0,kube_pod_container_status_restarts_total,node-exporter,10.244.1.4:8080,prometheus.scrape.annotated_pods,nimbusguard,node-exporter-hsf6w,cda54c64-add3-4ad5-9a28-e2f98ebbf735
2025-07-12 06:08:28,0,kube_pod_container_status_restarts_total,node-exporter,10.244.1.4:8080,prometheus.scrape.annotated_pods,nimbusguard,node-exporter-hsf6w,cda54c64-add3-4ad5-9a28-e2f98ebbf735
2025-07-12 06:09:28,0,kube_pod_container_status_restarts_total,node-exporter,10.244.1.4:8080,prometheus.scrape.annotated_pods,nimbusguard,node-exporter-hsf6w,cda54c64-add3-4ad5-9a28-e2f98ebbf735
2025-07-12 06:10:28,0,kube_pod_container_status_restarts_total,node-exporter,10.244.1.4:8080,prometheus.scrape.annotated_pods,nimbusguard,node-exporter-hsf6w,cda54c64-add3-4ad5-9a28-e2f98ebbf735
2025-07-12 06:11:28,0,kube_pod_container_status_restarts_total,node-exporter,10.244.1.4:8080,prometheus.scrape.annotated_pods,nimbusguard,node-exporter-hsf6w,cda54c64-add3-4ad5-9a28-e2f98ebbf735
2025-07-12 06:12:28,0,kube_pod_container_status_restarts_total,node-exporter,10.244.1.4:8080,prometheus.scrape.annotated_pods,nimbusguard,node-exporter-hsf6w,cda54c64-add3-4ad5-9a28-e2f98ebbf735
2025-07-12 06:13:28,0,kube_pod_container_status_restarts_total,node-exporter,10.244.1.4:8080,prometheus.scrape.annotated_pods,nimbusguard,node-exporter-hsf6w,cda54c64-add3-4ad5-9a28-e2f98ebbf735
2025-07-12 05:29:28,0,kube_pod_container_status_restarts_total,node-exporter,10.244.1.4:8080,prometheus.scrape.annotated_pods,nimbusguard,node-exporter-jddwt,7e6664cd-c837-4da0-82e5-ca23e7a06c4f
2025-07-12 05:30:28,0,kube_pod_container_status_restarts_total,node-exporter,10.244.1.4:8080,prometheus.scrape.annotated_pods,nimbusguard,node-exporter-jddwt,7e6664cd-c837-4da0-82e5-ca23e7a06c4f
2025-07-12 05:31:28,0,kube_pod_container_status_restarts_total,node-exporter,10.244.1.4:8080,prometheus.scrape.annotated_pods,nimbusguard,node-exporter-jddwt,7e6664cd-c837-4da0-82e5-ca23e7a06c4f
2025-07-12 05:32:28,0,kube_pod_container_status_restarts_total,node-exporter,10.244.1.4:8080,prometheus.scrape.annotated_pods,nimbusguard,node-exporter-jddwt,7e6664cd-c837-4da0-82e5-ca23e7a06c4f
2025-07-12 05:33:28,0,kube_pod_container_status_restarts_total,node-exporter,10.244.1.4:8080,prometheus.scrape.annotated_pods,nimbusguard,node-exporter-jddwt,7e6664cd-c837-4da0-82e5-ca23e7a06c4f
2025-07-12 05:34:28,0,kube_pod_container_status_restarts_total,node-exporter,10.244.1.4:8080,prometheus.scrape.annotated_pods,nimbusguard,node-exporter-jddwt,7e6664cd-c837-4da0-82e5-ca23e7a06c4f
2025-07-12 05:35:28,0,kube_pod_container_status_restarts_total,node-exporter,10.244.1.4:8080,prometheus.scrape.annotated_pods,nimbusguard,node-exporter-jddwt,7e6664cd-c837-4da0-82e5-ca23e7a06c4f
2025-07-12 05:36:28,0,kube_pod_container_status_restarts_total,node-exporter,10.244.1.4:8080,prometheus.scrape.annotated_pods,nimbusguard,node-exporter-jddwt,7e6664cd-c837-4da0-82e5-ca23e7a06c4f
2025-07-12 05:37:28,0,kube_pod_container_status_restarts_total,node-exporter,10.244.1.4:8080,prometheus.scrape.annotated_pods,nimbusguard,node-exporter-jddwt,7e6664cd-c837-4da0-82e5-ca23e7a06c4f
2025-07-12 05:38:28,0,kube_pod_container_status_restarts_total,node-exporter,10.244.1.4:8080,prometheus.scrape.annotated_pods,nimbusguard,node-exporter-jddwt,7e6664cd-c837-4da0-82e5-ca23e7a06c4f
2025-07-12 05:39:28,0,kube_pod_container_status_restarts_total,node-exporter,10.244.1.4:8080,prometheus.scrape.annotated_pods,nimbusguard,node-exporter-jddwt,7e6664cd-c837-4da0-82e5-ca23e7a06c4f
2025-07-12 05:40:28,0,kube_pod_container_status_restarts_total,node-exporter,10.244.1.4:8080,prometheus.scrape.annotated_pods,nimbusguard,node-exporter-jddwt,7e6664cd-c837-4da0-82e5-ca23e7a06c4f
2025-07-12 05:41:28,0,kube_pod_container_status_restarts_total,node-exporter,10.244.1.4:8080,prometheus.scrape.annotated_pods,nimbusguard,node-exporter-jddwt,7e6664cd-c837-4da0-82e5-ca23e7a06c4f
2025-07-12 05:42:28,0,kube_pod_container_status_restarts_total,node-exporter,10.244.1.4:8080,prometheus.scrape.annotated_pods,nimbusguard,node-exporter-jddwt,7e6664cd-c837-4da0-82e5-ca23e7a06c4f
2025-07-12 05:43:28,0,kube_pod_container_status_restarts_total,node-exporter,10.244.1.4:8080,prometheus.scrape.annotated_pods,nimbusguard,node-exporter-jddwt,7e6664cd-c837-4da0-82e5-ca23e7a06c4f
2025-07-12 05:44:28,0,kube_pod_container_status_restarts_total,node-exporter,10.244.1.4:8080,prometheus.scrape.annotated_pods,nimbusguard,node-exporter-jddwt,7e6664cd-c837-4da0-82e5-ca23e7a06c4f
2025-07-12 05:45:28,0,kube_pod_container_status_restarts_total,node-exporter,10.244.1.4:8080,prometheus.scrape.annotated_pods,nimbusguard,node-exporter-jddwt,7e6664cd-c837-4da0-82e5-ca23e7a06c4f
2025-07-12 05:46:28,0,kube_pod_container_status_restarts_total,node-exporter,10.244.1.4:8080,prometheus.scrape.annotated_pods,nimbusguard,node-exporter-jddwt,7e6664cd-c837-4da0-82e5-ca23e7a06c4f
2025-07-12 05:47:28,0,kube_pod_container_status_restarts_total,node-exporter,10.244.1.4:8080,prometheus.scrape.annotated_pods,nimbusguard,node-exporter-jddwt,7e6664cd-c837-4da0-82e5-ca23e7a06c4f
2025-07-12 05:48:28,0,kube_pod_container_status_restarts_total,node-exporter,10.244.1.4:8080,prometheus.scrape.annotated_pods,nimbusguard,node-exporter-jddwt,7e6664cd-c837-4da0-82e5-ca23e7a06c4f
2025-07-12 05:49:28,0,kube_pod_container_status_restarts_total,node-exporter,10.244.1.4:8080,prometheus.scrape.annotated_pods,nimbusguard,node-exporter-jddwt,7e6664cd-c837-4da0-82e5-ca23e7a06c4f
2025-07-12 05:50:28,0,kube_pod_container_status_restarts_total,node-exporter,10.244.1.4:8080,prometheus.scrape.annotated_pods,nimbusguard,node-exporter-jddwt,7e6664cd-c837-4da0-82e5-ca23e7a06c4f
2025-07-12 05:51:28,0,kube_pod_container_status_restarts_total,node-exporter,10.244.1.4:8080,prometheus.scrape.annotated_pods,nimbusguard,node-exporter-jddwt,7e6664cd-c837-4da0-82e5-ca23e7a06c4f
2025-07-12 05:52:28,0,kube_pod_container_status_restarts_total,node-exporter,10.244.1.4:8080,prometheus.scrape.annotated_pods,nimbusguard,node-exporter-jddwt,7e6664cd-c837-4da0-82e5-ca23e7a06c4f
2025-07-12 05:53:28,0,kube_pod_container_status_restarts_total,node-exporter,10.244.1.4:8080,prometheus.scrape.annotated_pods,nimbusguard,node-exporter-jddwt,7e6664cd-c837-4da0-82e5-ca23e7a06c4f
2025-07-12 05:54:28,0,kube_pod_container_status_restarts_total,node-exporter,10.244.1.4:8080,prometheus.scrape.annotated_pods,nimbusguard,node-exporter-jddwt,7e6664cd-c837-4da0-82e5-ca23e7a06c4f
2025-07-12 05:55:28,0,kube_pod_container_status_restarts_total,node-exporter,10.244.1.4:8080,prometheus.scrape.annotated_pods,nimbusguard,node-exporter-jddwt,7e6664cd-c837-4da0-82e5-ca23e7a06c4f
2025-07-12 05:56:28,0,kube_pod_container_status_restarts_total,node-exporter,10.244.1.4:8080,prometheus.scrape.annotated_pods,nimbusguard,node-exporter-jddwt,7e6664cd-c837-4da0-82e5-ca23e7a06c4f
2025-07-12 05:57:28,0,kube_pod_container_status_restarts_total,node-exporter,10.244.1.4:8080,prometheus.scrape.annotated_pods,nimbusguard,node-exporter-jddwt,7e6664cd-c837-4da0-82e5-ca23e7a06c4f
2025-07-12 05:58:28,0,kube_pod_container_status_restarts_total,node-exporter,10.244.1.4:8080,prometheus.scrape.annotated_pods,nimbusguard,node-exporter-jddwt,7e6664cd-c837-4da0-82e5-ca23e7a06c4f
2025-07-12 05:59:28,0,kube_pod_container_status_restarts_total,node-exporter,10.244.1.4:8080,prometheus.scrape.annotated_pods,nimbusguard,node-exporter-jddwt,7e6664cd-c837-4da0-82e5-ca23e7a06c4f
2025-07-12 06:00:28,0,kube_pod_container_status_restarts_total,node-exporter,10.244.1.4:8080,prometheus.scrape.annotated_pods,nimbusguard,node-exporter-jddwt,7e6664cd-c837-4da0-82e5-ca23e7a06c4f
2025-07-12 06:01:28,0,kube_pod_container_status_restarts_total,node-exporter,10.244.1.4:8080,prometheus.scrape.annotated_pods,nimbusguard,node-exporter-jddwt,7e6664cd-c837-4da0-82e5-ca23e7a06c4f
2025-07-12 06:02:28,0,kube_pod_container_status_restarts_total,node-exporter,10.244.1.4:8080,prometheus.scrape.annotated_pods,nimbusguard,node-exporter-jddwt,7e6664cd-c837-4da0-82e5-ca23e7a06c4f
2025-07-12 06:03:28,0,kube_pod_container_status_restarts_total,node-exporter,10.244.1.4:8080,prometheus.scrape.annotated_pods,nimbusguard,node-exporter-jddwt,7e6664cd-c837-4da0-82e5-ca23e7a06c4f
2025-07-12 06:04:28,0,kube_pod_container_status_restarts_total,node-exporter,10.244.1.4:8080,prometheus.scrape.annotated_pods,nimbusguard,node-exporter-jddwt,7e6664cd-c837-4da0-82e5-ca23e7a06c4f
2025-07-12 06:05:28,0,kube_pod_container_status_restarts_total,node-exporter,10.244.1.4:8080,prometheus.scrape.annotated_pods,nimbusguard,node-exporter-jddwt,7e6664cd-c837-4da0-82e5-ca23e7a06c4f
2025-07-12 06:06:28,0,kube_pod_container_status_restarts_total,node-exporter,10.244.1.4:8080,prometheus.scrape.annotated_pods,nimbusguard,node-exporter-jddwt,7e6664cd-c837-4da0-82e5-ca23e7a06c4f
2025-07-12 06:07:28,0,kube_pod_container_status_restarts_total,node-exporter,10.244.1.4:8080,prometheus.scrape.annotated_pods,nimbusguard,node-exporter-jddwt,7e6664cd-c837-4da0-82e5-ca23e7a06c4f
2025-07-12 06:08:28,0,kube_pod_container_status_restarts_total,node-exporter,10.244.1.4:8080,prometheus.scrape.annotated_pods,nimbusguard,node-exporter-jddwt,7e6664cd-c837-4da0-82e5-ca23e7a06c4f
2025-07-12 06:09:28,0,kube_pod_container_status_restarts_total,node-exporter,10.244.1.4:8080,prometheus.scrape.annotated_pods,nimbusguard,node-exporter-jddwt,7e6664cd-c837-4da0-82e5-ca23e7a06c4f
2025-07-12 06:10:28,0,kube_pod_container_status_restarts_total,node-exporter,10.244.1.4:8080,prometheus.scrape.annotated_pods,nimbusguard,node-exporter-jddwt,7e6664cd-c837-4da0-82e5-ca23e7a06c4f
2025-07-12 06:11:28,0,kube_pod_container_status_restarts_total,node-exporter,10.244.1.4:8080,prometheus.scrape.annotated_pods,nimbusguard,node-exporter-jddwt,7e6664cd-c837-4da0-82e5-ca23e7a06c4f
2025-07-12 06:12:28,0,kube_pod_container_status_restarts_total,node-exporter,10.244.1.4:8080,prometheus.scrape.annotated_pods,nimbusguard,node-exporter-jddwt,7e6664cd-c837-4da0-82e5-ca23e7a06c4f
2025-07-12 06:13:28,0,kube_pod_container_status_restarts_total,node-exporter,10.244.1.4:8080,prometheus.scrape.annotated_pods,nimbusguard,node-exporter-jddwt,7e6664cd-c837-4da0-82e5-ca23e7a06c4f
2025-07-12 05:29:28,0,kube_pod_container_status_restarts_total,node-exporter,10.244.1.4:8080,prometheus.scrape.annotated_pods,nimbusguard,node-exporter-wg9f9,efef35ba-3a08-4a03-96c3-565707436e65
2025-07-12 05:30:28,0,kube_pod_container_status_restarts_total,node-exporter,10.244.1.4:8080,prometheus.scrape.annotated_pods,nimbusguard,node-exporter-wg9f9,efef35ba-3a08-4a03-96c3-565707436e65
2025-07-12 05:31:28,0,kube_pod_container_status_restarts_total,node-exporter,10.244.1.4:8080,prometheus.scrape.annotated_pods,nimbusguard,node-exporter-wg9f9,efef35ba-3a08-4a03-96c3-565707436e65
2025-07-12 05:32:28,0,kube_pod_container_status_restarts_total,node-exporter,10.244.1.4:8080,prometheus.scrape.annotated_pods,nimbusguard,node-exporter-wg9f9,efef35ba-3a08-4a03-96c3-565707436e65
2025-07-12 05:33:28,0,kube_pod_container_status_restarts_total,node-exporter,10.244.1.4:8080,prometheus.scrape.annotated_pods,nimbusguard,node-exporter-wg9f9,efef35ba-3a08-4a03-96c3-565707436e65
2025-07-12 05:34:28,0,kube_pod_container_status_restarts_total,node-exporter,10.244.1.4:8080,prometheus.scrape.annotated_pods,nimbusguard,node-exporter-wg9f9,efef35ba-3a08-4a03-96c3-565707436e65
2025-07-12 05:35:28,0,kube_pod_container_status_restarts_total,node-exporter,10.244.1.4:8080,prometheus.scrape.annotated_pods,nimbusguard,node-exporter-wg9f9,efef35ba-3a08-4a03-96c3-565707436e65
2025-07-12 05:36:28,0,kube_pod_container_status_restarts_total,node-exporter,10.244.1.4:8080,prometheus.scrape.annotated_pods,nimbusguard,node-exporter-wg9f9,efef35ba-3a08-4a03-96c3-565707436e65
2025-07-12 05:37:28,0,kube_pod_container_status_restarts_total,node-exporter,10.244.1.4:8080,prometheus.scrape.annotated_pods,nimbusguard,node-exporter-wg9f9,efef35ba-3a08-4a03-96c3-565707436e65
2025-07-12 05:38:28,0,kube_pod_container_status_restarts_total,node-exporter,10.244.1.4:8080,prometheus.scrape.annotated_pods,nimbusguard,node-exporter-wg9f9,efef35ba-3a08-4a03-96c3-565707436e65
2025-07-12 05:39:28,0,kube_pod_container_status_restarts_total,node-exporter,10.244.1.4:8080,prometheus.scrape.annotated_pods,nimbusguard,node-exporter-wg9f9,efef35ba-3a08-4a03-96c3-565707436e65
2025-07-12 05:40:28,0,kube_pod_container_status_restarts_total,node-exporter,10.244.1.4:8080,prometheus.scrape.annotated_pods,nimbusguard,node-exporter-wg9f9,efef35ba-3a08-4a03-96c3-565707436e65
2025-07-12 05:41:28,0,kube_pod_container_status_restarts_total,node-exporter,10.244.1.4:8080,prometheus.scrape.annotated_pods,nimbusguard,node-exporter-wg9f9,efef35ba-3a08-4a03-96c3-565707436e65
2025-07-12 05:42:28,0,kube_pod_container_status_restarts_total,node-exporter,10.244.1.4:8080,prometheus.scrape.annotated_pods,nimbusguard,node-exporter-wg9f9,efef35ba-3a08-4a03-96c3-565707436e65
2025-07-12 05:43:28,0,kube_pod_container_status_restarts_total,node-exporter,10.244.1.4:8080,prometheus.scrape.annotated_pods,nimbusguard,node-exporter-wg9f9,efef35ba-3a08-4a03-96c3-565707436e65
2025-07-12 05:44:28,0,kube_pod_container_status_restarts_total,node-exporter,10.244.1.4:8080,prometheus.scrape.annotated_pods,nimbusguard,node-exporter-wg9f9,efef35ba-3a08-4a03-96c3-565707436e65
2025-07-12 05:45:28,0,kube_pod_container_status_restarts_total,node-exporter,10.244.1.4:8080,prometheus.scrape.annotated_pods,nimbusguard,node-exporter-wg9f9,efef35ba-3a08-4a03-96c3-565707436e65
2025-07-12 05:46:28,0,kube_pod_container_status_restarts_total,node-exporter,10.244.1.4:8080,prometheus.scrape.annotated_pods,nimbusguard,node-exporter-wg9f9,efef35ba-3a08-4a03-96c3-565707436e65
2025-07-12 05:47:28,0,kube_pod_container_status_restarts_total,node-exporter,10.244.1.4:8080,prometheus.scrape.annotated_pods,nimbusguard,node-exporter-wg9f9,efef35ba-3a08-4a03-96c3-565707436e65
2025-07-12 05:48:28,0,kube_pod_container_status_restarts_total,node-exporter,10.244.1.4:8080,prometheus.scrape.annotated_pods,nimbusguard,node-exporter-wg9f9,efef35ba-3a08-4a03-96c3-565707436e65
2025-07-12 05:49:28,0,kube_pod_container_status_restarts_total,node-exporter,10.244.1.4:8080,prometheus.scrape.annotated_pods,nimbusguard,node-exporter-wg9f9,efef35ba-3a08-4a03-96c3-565707436e65
2025-07-12 05:50:28,0,kube_pod_container_status_restarts_total,node-exporter,10.244.1.4:8080,prometheus.scrape.annotated_pods,nimbusguard,node-exporter-wg9f9,efef35ba-3a08-4a03-96c3-565707436e65
2025-07-12 05:51:28,0,kube_pod_container_status_restarts_total,node-exporter,10.244.1.4:8080,prometheus.scrape.annotated_pods,nimbusguard,node-exporter-wg9f9,efef35ba-3a08-4a03-96c3-565707436e65
2025-07-12 05:52:28,0,kube_pod_container_status_restarts_total,node-exporter,10.244.1.4:8080,prometheus.scrape.annotated_pods,nimbusguard,node-exporter-wg9f9,efef35ba-3a08-4a03-96c3-565707436e65
2025-07-12 05:53:28,0,kube_pod_container_status_restarts_total,node-exporter,10.244.1.4:8080,prometheus.scrape.annotated_pods,nimbusguard,node-exporter-wg9f9,efef35ba-3a08-4a03-96c3-565707436e65
2025-07-12 05:54:28,0,kube_pod_container_status_restarts_total,node-exporter,10.244.1.4:8080,prometheus.scrape.annotated_pods,nimbusguard,node-exporter-wg9f9,efef35ba-3a08-4a03-96c3-565707436e65
2025-07-12 05:55:28,0,kube_pod_container_status_restarts_total,node-exporter,10.244.1.4:8080,prometheus.scrape.annotated_pods,nimbusguard,node-exporter-wg9f9,efef35ba-3a08-4a03-96c3-565707436e65
2025-07-12 05:56:28,0,kube_pod_container_status_restarts_total,node-exporter,10.244.1.4:8080,prometheus.scrape.annotated_pods,nimbusguard,node-exporter-wg9f9,efef35ba-3a08-4a03-96c3-565707436e65
2025-07-12 05:57:28,0,kube_pod_container_status_restarts_total,node-exporter,10.244.1.4:8080,prometheus.scrape.annotated_pods,nimbusguard,node-exporter-wg9f9,efef35ba-3a08-4a03-96c3-565707436e65
2025-07-12 05:58:28,0,kube_pod_container_status_restarts_total,node-exporter,10.244.1.4:8080,prometheus.scrape.annotated_pods,nimbusguard,node-exporter-wg9f9,efef35ba-3a08-4a03-96c3-565707436e65
2025-07-12 05:59:28,0,kube_pod_container_status_restarts_total,node-exporter,10.244.1.4:8080,prometheus.scrape.annotated_pods,nimbusguard,node-exporter-wg9f9,efef35ba-3a08-4a03-96c3-565707436e65
2025-07-12 06:00:28,0,kube_pod_container_status_restarts_total,node-exporter,10.244.1.4:8080,prometheus.scrape.annotated_pods,nimbusguard,node-exporter-wg9f9,efef35ba-3a08-4a03-96c3-565707436e65
2025-07-12 06:01:28,0,kube_pod_container_status_restarts_total,node-exporter,10.244.1.4:8080,prometheus.scrape.annotated_pods,nimbusguard,node-exporter-wg9f9,efef35ba-3a08-4a03-96c3-565707436e65
2025-07-12 06:02:28,0,kube_pod_container_status_restarts_total,node-exporter,10.244.1.4:8080,prometheus.scrape.annotated_pods,nimbusguard,node-exporter-wg9f9,efef35ba-3a08-4a03-96c3-565707436e65
2025-07-12 06:03:28,0,kube_pod_container_status_restarts_total,node-exporter,10.244.1.4:8080,prometheus.scrape.annotated_pods,nimbusguard,node-exporter-wg9f9,efef35ba-3a08-4a03-96c3-565707436e65
2025-07-12 06:04:28,0,kube_pod_container_status_restarts_total,node-exporter,10.244.1.4:8080,prometheus.scrape.annotated_pods,nimbusguard,node-exporter-wg9f9,efef35ba-3a08-4a03-96c3-565707436e65
2025-07-12 06:05:28,0,kube_pod_container_status_restarts_total,node-exporter,10.244.1.4:8080,prometheus.scrape.annotated_pods,nimbusguard,node-exporter-wg9f9,efef35ba-3a08-4a03-96c3-565707436e65
2025-07-12 06:06:28,0,kube_pod_container_status_restarts_total,node-exporter,10.244.1.4:8080,prometheus.scrape.annotated_pods,nimbusguard,node-exporter-wg9f9,efef35ba-3a08-4a03-96c3-565707436e65
2025-07-12 06:07:28,0,kube_pod_container_status_restarts_total,node-exporter,10.244.1.4:8080,prometheus.scrape.annotated_pods,nimbusguard,node-exporter-wg9f9,efef35ba-3a08-4a03-96c3-565707436e65
2025-07-12 06:08:28,0,kube_pod_container_status_restarts_total,node-exporter,10.244.1.4:8080,prometheus.scrape.annotated_pods,nimbusguard,node-exporter-wg9f9,efef35ba-3a08-4a03-96c3-565707436e65
2025-07-12 06:09:28,0,kube_pod_container_status_restarts_total,node-exporter,10.244.1.4:8080,prometheus.scrape.annotated_pods,nimbusguard,node-exporter-wg9f9,efef35ba-3a08-4a03-96c3-565707436e65
2025-07-12 06:10:28,0,kube_pod_container_status_restarts_total,node-exporter,10.244.1.4:8080,prometheus.scrape.annotated_pods,nimbusguard,node-exporter-wg9f9,efef35ba-3a08-4a03-96c3-565707436e65
2025-07-12 06:11:28,0,kube_pod_container_status_restarts_total,node-exporter,10.244.1.4:8080,prometheus.scrape.annotated_pods,nimbusguard,node-exporter-wg9f9,efef35ba-3a08-4a03-96c3-565707436e65
2025-07-12 06:12:28,0,kube_pod_container_status_restarts_total,node-exporter,10.244.1.4:8080,prometheus.scrape.annotated_pods,nimbusguard,node-exporter-wg9f9,efef35ba-3a08-4a03-96c3-565707436e65
2025-07-12 06:13:28,0,kube_pod_container_status_restarts_total,node-exporter,10.244.1.4:8080,prometheus.scrape.annotated_pods,nimbusguard,node-exporter-wg9f9,efef35ba-3a08-4a03-96c3-565707436e65
2025-07-12 05:30:28,0,kube_pod_container_status_restarts_total,node-exporter,kube-state-metrics.nimbusguard.svc:8080,prometheus.scrape.kube_state_metrics,nimbusguard,node-exporter-hsf6w,cda54c64-add3-4ad5-9a28-e2f98ebbf735
2025-07-12 05:31:28,0,kube_pod_container_status_restarts_total,node-exporter,kube-state-metrics.nimbusguard.svc:8080,prometheus.scrape.kube_state_metrics,nimbusguard,node-exporter-hsf6w,cda54c64-add3-4ad5-9a28-e2f98ebbf735
2025-07-12 05:32:28,0,kube_pod_container_status_restarts_total,node-exporter,kube-state-metrics.nimbusguard.svc:8080,prometheus.scrape.kube_state_metrics,nimbusguard,node-exporter-hsf6w,cda54c64-add3-4ad5-9a28-e2f98ebbf735
2025-07-12 05:33:28,0,kube_pod_container_status_restarts_total,node-exporter,kube-state-metrics.nimbusguard.svc:8080,prometheus.scrape.kube_state_metrics,nimbusguard,node-exporter-hsf6w,cda54c64-add3-4ad5-9a28-e2f98ebbf735
2025-07-12 05:34:28,0,kube_pod_container_status_restarts_total,node-exporter,kube-state-metrics.nimbusguard.svc:8080,prometheus.scrape.kube_state_metrics,nimbusguard,node-exporter-hsf6w,cda54c64-add3-4ad5-9a28-e2f98ebbf735
2025-07-12 05:35:28,0,kube_pod_container_status_restarts_total,node-exporter,kube-state-metrics.nimbusguard.svc:8080,prometheus.scrape.kube_state_metrics,nimbusguard,node-exporter-hsf6w,cda54c64-add3-4ad5-9a28-e2f98ebbf735
2025-07-12 05:36:28,0,kube_pod_container_status_restarts_total,node-exporter,kube-state-metrics.nimbusguard.svc:8080,prometheus.scrape.kube_state_metrics,nimbusguard,node-exporter-hsf6w,cda54c64-add3-4ad5-9a28-e2f98ebbf735
2025-07-12 05:37:28,0,kube_pod_container_status_restarts_total,node-exporter,kube-state-metrics.nimbusguard.svc:8080,prometheus.scrape.kube_state_metrics,nimbusguard,node-exporter-hsf6w,cda54c64-add3-4ad5-9a28-e2f98ebbf735
2025-07-12 05:38:28,0,kube_pod_container_status_restarts_total,node-exporter,kube-state-metrics.nimbusguard.svc:8080,prometheus.scrape.kube_state_metrics,nimbusguard,node-exporter-hsf6w,cda54c64-add3-4ad5-9a28-e2f98ebbf735
2025-07-12 05:39:28,0,kube_pod_container_status_restarts_total,node-exporter,kube-state-metrics.nimbusguard.svc:8080,prometheus.scrape.kube_state_metrics,nimbusguard,node-exporter-hsf6w,cda54c64-add3-4ad5-9a28-e2f98ebbf735
2025-07-12 05:40:28,0,kube_pod_container_status_restarts_total,node-exporter,kube-state-metrics.nimbusguard.svc:8080,prometheus.scrape.kube_state_metrics,nimbusguard,node-exporter-hsf6w,cda54c64-add3-4ad5-9a28-e2f98ebbf735
2025-07-12 05:41:28,0,kube_pod_container_status_restarts_total,node-exporter,kube-state-metrics.nimbusguard.svc:8080,prometheus.scrape.kube_state_metrics,nimbusguard,node-exporter-hsf6w,cda54c64-add3-4ad5-9a28-e2f98ebbf735
2025-07-12 05:42:28,0,kube_pod_container_status_restarts_total,node-exporter,kube-state-metrics.nimbusguard.svc:8080,prometheus.scrape.kube_state_metrics,nimbusguard,node-exporter-hsf6w,cda54c64-add3-4ad5-9a28-e2f98ebbf735
2025-07-12 05:43:28,0,kube_pod_container_status_restarts_total,node-exporter,kube-state-metrics.nimbusguard.svc:8080,prometheus.scrape.kube_state_metrics,nimbusguard,node-exporter-hsf6w,cda54c64-add3-4ad5-9a28-e2f98ebbf735
2025-07-12 05:44:28,0,kube_pod_container_status_restarts_total,node-exporter,kube-state-metrics.nimbusguard.svc:8080,prometheus.scrape.kube_state_metrics,nimbusguard,node-exporter-hsf6w,cda54c64-add3-4ad5-9a28-e2f98ebbf735
2025-07-12 05:45:28,0,kube_pod_container_status_restarts_total,node-exporter,kube-state-metrics.nimbusguard.svc:8080,prometheus.scrape.kube_state_metrics,nimbusguard,node-exporter-hsf6w,cda54c64-add3-4ad5-9a28-e2f98ebbf735
2025-07-12 05:46:28,0,kube_pod_container_status_restarts_total,node-exporter,kube-state-metrics.nimbusguard.svc:8080,prometheus.scrape.kube_state_metrics,nimbusguard,node-exporter-hsf6w,cda54c64-add3-4ad5-9a28-e2f98ebbf735
2025-07-12 05:47:28,0,kube_pod_container_status_restarts_total,node-exporter,kube-state-metrics.nimbusguard.svc:8080,prometheus.scrape.kube_state_metrics,nimbusguard,node-exporter-hsf6w,cda54c64-add3-4ad5-9a28-e2f98ebbf735
2025-07-12 05:48:28,0,kube_pod_container_status_restarts_total,node-exporter,kube-state-metrics.nimbusguard.svc:8080,prometheus.scrape.kube_state_metrics,nimbusguard,node-exporter-hsf6w,cda54c64-add3-4ad5-9a28-e2f98ebbf735
2025-07-12 05:49:28,0,kube_pod_container_status_restarts_total,node-exporter,kube-state-metrics.nimbusguard.svc:8080,prometheus.scrape.kube_state_metrics,nimbusguard,node-exporter-hsf6w,cda54c64-add3-4ad5-9a28-e2f98ebbf735
2025-07-12 05:50:28,0,kube_pod_container_status_restarts_total,node-exporter,kube-state-metrics.nimbusguard.svc:8080,prometheus.scrape.kube_state_metrics,nimbusguard,node-exporter-hsf6w,cda54c64-add3-4ad5-9a28-e2f98ebbf735
2025-07-12 05:51:28,0,kube_pod_container_status_restarts_total,node-exporter,kube-state-metrics.nimbusguard.svc:8080,prometheus.scrape.kube_state_metrics,nimbusguard,node-exporter-hsf6w,cda54c64-add3-4ad5-9a28-e2f98ebbf735
2025-07-12 05:52:28,0,kube_pod_container_status_restarts_total,node-exporter,kube-state-metrics.nimbusguard.svc:8080,prometheus.scrape.kube_state_metrics,nimbusguard,node-exporter-hsf6w,cda54c64-add3-4ad5-9a28-e2f98ebbf735
2025-07-12 05:53:28,0,kube_pod_container_status_restarts_total,node-exporter,kube-state-metrics.nimbusguard.svc:8080,prometheus.scrape.kube_state_metrics,nimbusguard,node-exporter-hsf6w,cda54c64-add3-4ad5-9a28-e2f98ebbf735
2025-07-12 05:54:28,0,kube_pod_container_status_restarts_total,node-exporter,kube-state-metrics.nimbusguard.svc:8080,prometheus.scrape.kube_state_metrics,nimbusguard,node-exporter-hsf6w,cda54c64-add3-4ad5-9a28-e2f98ebbf735
2025-07-12 05:55:28,0,kube_pod_container_status_restarts_total,node-exporter,kube-state-metrics.nimbusguard.svc:8080,prometheus.scrape.kube_state_metrics,nimbusguard,node-exporter-hsf6w,cda54c64-add3-4ad5-9a28-e2f98ebbf735
2025-07-12 05:56:28,0,kube_pod_container_status_restarts_total,node-exporter,kube-state-metrics.nimbusguard.svc:8080,prometheus.scrape.kube_state_metrics,nimbusguard,node-exporter-hsf6w,cda54c64-add3-4ad5-9a28-e2f98ebbf735
2025-07-12 05:57:28,0,kube_pod_container_status_restarts_total,node-exporter,kube-state-metrics.nimbusguard.svc:8080,prometheus.scrape.kube_state_metrics,nimbusguard,node-exporter-hsf6w,cda54c64-add3-4ad5-9a28-e2f98ebbf735
2025-07-12 05:58:28,0,kube_pod_container_status_restarts_total,node-exporter,kube-state-metrics.nimbusguard.svc:8080,prometheus.scrape.kube_state_metrics,nimbusguard,node-exporter-hsf6w,cda54c64-add3-4ad5-9a28-e2f98ebbf735
2025-07-12 05:59:28,0,kube_pod_container_status_restarts_total,node-exporter,kube-state-metrics.nimbusguard.svc:8080,prometheus.scrape.kube_state_metrics,nimbusguard,node-exporter-hsf6w,cda54c64-add3-4ad5-9a28-e2f98ebbf735
2025-07-12 06:00:28,0,kube_pod_container_status_restarts_total,node-exporter,kube-state-metrics.nimbusguard.svc:8080,prometheus.scrape.kube_state_metrics,nimbusguard,node-exporter-hsf6w,cda54c64-add3-4ad5-9a28-e2f98ebbf735
2025-07-12 06:01:28,0,kube_pod_container_status_restarts_total,node-exporter,kube-state-metrics.nimbusguard.svc:8080,prometheus.scrape.kube_state_metrics,nimbusguard,node-exporter-hsf6w,cda54c64-add3-4ad5-9a28-e2f98ebbf735
2025-07-12 06:02:28,0,kube_pod_container_status_restarts_total,node-exporter,kube-state-metrics.nimbusguard.svc:8080,prometheus.scrape.kube_state_metrics,nimbusguard,node-exporter-hsf6w,cda54c64-add3-4ad5-9a28-e2f98ebbf735
2025-07-12 06:03:28,0,kube_pod_container_status_restarts_total,node-exporter,kube-state-metrics.nimbusguard.svc:8080,prometheus.scrape.kube_state_metrics,nimbusguard,node-exporter-hsf6w,cda54c64-add3-4ad5-9a28-e2f98ebbf735
2025-07-12 06:04:28,0,kube_pod_container_status_restarts_total,node-exporter,kube-state-metrics.nimbusguard.svc:8080,prometheus.scrape.kube_state_metrics,nimbusguard,node-exporter-hsf6w,cda54c64-add3-4ad5-9a28-e2f98ebbf735
2025-07-12 06:05:28,0,kube_pod_container_status_restarts_total,node-exporter,kube-state-metrics.nimbusguard.svc:8080,prometheus.scrape.kube_state_metrics,nimbusguard,node-exporter-hsf6w,cda54c64-add3-4ad5-9a28-e2f98ebbf735
2025-07-12 06:06:28,0,kube_pod_container_status_restarts_total,node-exporter,kube-state-metrics.nimbusguard.svc:8080,prometheus.scrape.kube_state_metrics,nimbusguard,node-exporter-hsf6w,cda54c64-add3-4ad5-9a28-e2f98ebbf735
2025-07-12 06:07:28,0,kube_pod_container_status_restarts_total,node-exporter,kube-state-metrics.nimbusguard.svc:8080,prometheus.scrape.kube_state_metrics,nimbusguard,node-exporter-hsf6w,cda54c64-add3-4ad5-9a28-e2f98ebbf735
2025-07-12 06:08:28,0,kube_pod_container_status_restarts_total,node-exporter,kube-state-metrics.nimbusguard.svc:8080,prometheus.scrape.kube_state_metrics,nimbusguard,node-exporter-hsf6w,cda54c64-add3-4ad5-9a28-e2f98ebbf735
2025-07-12 06:09:28,0,kube_pod_container_status_restarts_total,node-exporter,kube-state-metrics.nimbusguard.svc:8080,prometheus.scrape.kube_state_metrics,nimbusguard,node-exporter-hsf6w,cda54c64-add3-4ad5-9a28-e2f98ebbf735
2025-07-12 06:10:28,0,kube_pod_container_status_restarts_total,node-exporter,kube-state-metrics.nimbusguard.svc:8080,prometheus.scrape.kube_state_metrics,nimbusguard,node-exporter-hsf6w,cda54c64-add3-4ad5-9a28-e2f98ebbf735
2025-07-12 06:11:28,0,kube_pod_container_status_restarts_total,node-exporter,kube-state-metrics.nimbusguard.svc:8080,prometheus.scrape.kube_state_metrics,nimbusguard,node-exporter-hsf6w,cda54c64-add3-4ad5-9a28-e2f98ebbf735
2025-07-12 06:12:28,0,kube_pod_container_status_restarts_total,node-exporter,kube-state-metrics.nimbusguard.svc:8080,prometheus.scrape.kube_state_metrics,nimbusguard,node-exporter-hsf6w,cda54c64-add3-4ad5-9a28-e2f98ebbf735
2025-07-12 06:13:28,0,kube_pod_container_status_restarts_total,node-exporter,kube-state-metrics.nimbusguard.svc:8080,prometheus.scrape.kube_state_metrics,nimbusguard,node-exporter-hsf6w,cda54c64-add3-4ad5-9a28-e2f98ebbf735
2025-07-12 05:30:28,0,kube_pod_container_status_restarts_total,node-exporter,kube-state-metrics.nimbusguard.svc:8080,prometheus.scrape.kube_state_metrics,nimbusguard,node-exporter-jddwt,7e6664cd-c837-4da0-82e5-ca23e7a06c4f
2025-07-12 05:31:28,0,kube_pod_container_status_restarts_total,node-exporter,kube-state-metrics.nimbusguard.svc:8080,prometheus.scrape.kube_state_metrics,nimbusguard,node-exporter-jddwt,7e6664cd-c837-4da0-82e5-ca23e7a06c4f
2025-07-12 05:32:28,0,kube_pod_container_status_restarts_total,node-exporter,kube-state-metrics.nimbusguard.svc:8080,prometheus.scrape.kube_state_metrics,nimbusguard,node-exporter-jddwt,7e6664cd-c837-4da0-82e5-ca23e7a06c4f
2025-07-12 05:33:28,0,kube_pod_container_status_restarts_total,node-exporter,kube-state-metrics.nimbusguard.svc:8080,prometheus.scrape.kube_state_metrics,nimbusguard,node-exporter-jddwt,7e6664cd-c837-4da0-82e5-ca23e7a06c4f
2025-07-12 05:34:28,0,kube_pod_container_status_restarts_total,node-exporter,kube-state-metrics.nimbusguard.svc:8080,prometheus.scrape.kube_state_metrics,nimbusguard,node-exporter-jddwt,7e6664cd-c837-4da0-82e5-ca23e7a06c4f
2025-07-12 05:35:28,0,kube_pod_container_status_restarts_total,node-exporter,kube-state-metrics.nimbusguard.svc:8080,prometheus.scrape.kube_state_metrics,nimbusguard,node-exporter-jddwt,7e6664cd-c837-4da0-82e5-ca23e7a06c4f
2025-07-12 05:36:28,0,kube_pod_container_status_restarts_total,node-exporter,kube-state-metrics.nimbusguard.svc:8080,prometheus.scrape.kube_state_metrics,nimbusguard,node-exporter-jddwt,7e6664cd-c837-4da0-82e5-ca23e7a06c4f
2025-07-12 05:37:28,0,kube_pod_container_status_restarts_total,node-exporter,kube-state-metrics.nimbusguard.svc:8080,prometheus.scrape.kube_state_metrics,nimbusguard,node-exporter-jddwt,7e6664cd-c837-4da0-82e5-ca23e7a06c4f
2025-07-12 05:38:28,0,kube_pod_container_status_restarts_total,node-exporter,kube-state-metrics.nimbusguard.svc:8080,prometheus.scrape.kube_state_metrics,nimbusguard,node-exporter-jddwt,7e6664cd-c837-4da0-82e5-ca23e7a06c4f
2025-07-12 05:39:28,0,kube_pod_container_status_restarts_total,node-exporter,kube-state-metrics.nimbusguard.svc:8080,prometheus.scrape.kube_state_metrics,nimbusguard,node-exporter-jddwt,7e6664cd-c837-4da0-82e5-ca23e7a06c4f
2025-07-12 05:40:28,0,kube_pod_container_status_restarts_total,node-exporter,kube-state-metrics.nimbusguard.svc:8080,prometheus.scrape.kube_state_metrics,nimbusguard,node-exporter-jddwt,7e6664cd-c837-4da0-82e5-ca23e7a06c4f
2025-07-12 05:41:28,0,kube_pod_container_status_restarts_total,node-exporter,kube-state-metrics.nimbusguard.svc:8080,prometheus.scrape.kube_state_metrics,nimbusguard,node-exporter-jddwt,7e6664cd-c837-4da0-82e5-ca23e7a06c4f
2025-07-12 05:42:28,0,kube_pod_container_status_restarts_total,node-exporter,kube-state-metrics.nimbusguard.svc:8080,prometheus.scrape.kube_state_metrics,nimbusguard,node-exporter-jddwt,7e6664cd-c837-4da0-82e5-ca23e7a06c4f
2025-07-12 05:43:28,0,kube_pod_container_status_restarts_total,node-exporter,kube-state-metrics.nimbusguard.svc:8080,prometheus.scrape.kube_state_metrics,nimbusguard,node-exporter-jddwt,7e6664cd-c837-4da0-82e5-ca23e7a06c4f
2025-07-12 05:44:28,0,kube_pod_container_status_restarts_total,node-exporter,kube-state-metrics.nimbusguard.svc:8080,prometheus.scrape.kube_state_metrics,nimbusguard,node-exporter-jddwt,7e6664cd-c837-4da0-82e5-ca23e7a06c4f
2025-07-12 05:45:28,0,kube_pod_container_status_restarts_total,node-exporter,kube-state-metrics.nimbusguard.svc:8080,prometheus.scrape.kube_state_metrics,nimbusguard,node-exporter-jddwt,7e6664cd-c837-4da0-82e5-ca23e7a06c4f
2025-07-12 05:46:28,0,kube_pod_container_status_restarts_total,node-exporter,kube-state-metrics.nimbusguard.svc:8080,prometheus.scrape.kube_state_metrics,nimbusguard,node-exporter-jddwt,7e6664cd-c837-4da0-82e5-ca23e7a06c4f
2025-07-12 05:47:28,0,kube_pod_container_status_restarts_total,node-exporter,kube-state-metrics.nimbusguard.svc:8080,prometheus.scrape.kube_state_metrics,nimbusguard,node-exporter-jddwt,7e6664cd-c837-4da0-82e5-ca23e7a06c4f
2025-07-12 05:48:28,0,kube_pod_container_status_restarts_total,node-exporter,kube-state-metrics.nimbusguard.svc:8080,prometheus.scrape.kube_state_metrics,nimbusguard,node-exporter-jddwt,7e6664cd-c837-4da0-82e5-ca23e7a06c4f
2025-07-12 05:49:28,0,kube_pod_container_status_restarts_total,node-exporter,kube-state-metrics.nimbusguard.svc:8080,prometheus.scrape.kube_state_metrics,nimbusguard,node-exporter-jddwt,7e6664cd-c837-4da0-82e5-ca23e7a06c4f
2025-07-12 05:50:28,0,kube_pod_container_status_restarts_total,node-exporter,kube-state-metrics.nimbusguard.svc:8080,prometheus.scrape.kube_state_metrics,nimbusguard,node-exporter-jddwt,7e6664cd-c837-4da0-82e5-ca23e7a06c4f
2025-07-12 05:51:28,0,kube_pod_container_status_restarts_total,node-exporter,kube-state-metrics.nimbusguard.svc:8080,prometheus.scrape.kube_state_metrics,nimbusguard,node-exporter-jddwt,7e6664cd-c837-4da0-82e5-ca23e7a06c4f
2025-07-12 05:52:28,0,kube_pod_container_status_restarts_total,node-exporter,kube-state-metrics.nimbusguard.svc:8080,prometheus.scrape.kube_state_metrics,nimbusguard,node-exporter-jddwt,7e6664cd-c837-4da0-82e5-ca23e7a06c4f
2025-07-12 05:53:28,0,kube_pod_container_status_restarts_total,node-exporter,kube-state-metrics.nimbusguard.svc:8080,prometheus.scrape.kube_state_metrics,nimbusguard,node-exporter-jddwt,7e6664cd-c837-4da0-82e5-ca23e7a06c4f
2025-07-12 05:54:28,0,kube_pod_container_status_restarts_total,node-exporter,kube-state-metrics.nimbusguard.svc:8080,prometheus.scrape.kube_state_metrics,nimbusguard,node-exporter-jddwt,7e6664cd-c837-4da0-82e5-ca23e7a06c4f
2025-07-12 05:55:28,0,kube_pod_container_status_restarts_total,node-exporter,kube-state-metrics.nimbusguard.svc:8080,prometheus.scrape.kube_state_metrics,nimbusguard,node-exporter-jddwt,7e6664cd-c837-4da0-82e5-ca23e7a06c4f
2025-07-12 05:56:28,0,kube_pod_container_status_restarts_total,node-exporter,kube-state-metrics.nimbusguard.svc:8080,prometheus.scrape.kube_state_metrics,nimbusguard,node-exporter-jddwt,7e6664cd-c837-4da0-82e5-ca23e7a06c4f
2025-07-12 05:57:28,0,kube_pod_container_status_restarts_total,node-exporter,kube-state-metrics.nimbusguard.svc:8080,prometheus.scrape.kube_state_metrics,nimbusguard,node-exporter-jddwt,7e6664cd-c837-4da0-82e5-ca23e7a06c4f
2025-07-12 05:58:28,0,kube_pod_container_status_restarts_total,node-exporter,kube-state-metrics.nimbusguard.svc:8080,prometheus.scrape.kube_state_metrics,nimbusguard,node-exporter-jddwt,7e6664cd-c837-4da0-82e5-ca23e7a06c4f
2025-07-12 05:59:28,0,kube_pod_container_status_restarts_total,node-exporter,kube-state-metrics.nimbusguard.svc:8080,prometheus.scrape.kube_state_metrics,nimbusguard,node-exporter-jddwt,7e6664cd-c837-4da0-82e5-ca23e7a06c4f
2025-07-12 06:00:28,0,kube_pod_container_status_restarts_total,node-exporter,kube-state-metrics.nimbusguard.svc:8080,prometheus.scrape.kube_state_metrics,nimbusguard,node-exporter-jddwt,7e6664cd-c837-4da0-82e5-ca23e7a06c4f
2025-07-12 06:01:28,0,kube_pod_container_status_restarts_total,node-exporter,kube-state-metrics.nimbusguard.svc:8080,prometheus.scrape.kube_state_metrics,nimbusguard,node-exporter-jddwt,7e6664cd-c837-4da0-82e5-ca23e7a06c4f
2025-07-12 06:02:28,0,kube_pod_container_status_restarts_total,node-exporter,kube-state-metrics.nimbusguard.svc:8080,prometheus.scrape.kube_state_metrics,nimbusguard,node-exporter-jddwt,7e6664cd-c837-4da0-82e5-ca23e7a06c4f
2025-07-12 06:03:28,0,kube_pod_container_status_restarts_total,node-exporter,kube-state-metrics.nimbusguard.svc:8080,prometheus.scrape.kube_state_metrics,nimbusguard,node-exporter-jddwt,7e6664cd-c837-4da0-82e5-ca23e7a06c4f
2025-07-12 06:04:28,0,kube_pod_container_status_restarts_total,node-exporter,kube-state-metrics.nimbusguard.svc:8080,prometheus.scrape.kube_state_metrics,nimbusguard,node-exporter-jddwt,7e6664cd-c837-4da0-82e5-ca23e7a06c4f
2025-07-12 06:05:28,0,kube_pod_container_status_restarts_total,node-exporter,kube-state-metrics.nimbusguard.svc:8080,prometheus.scrape.kube_state_metrics,nimbusguard,node-exporter-jddwt,7e6664cd-c837-4da0-82e5-ca23e7a06c4f
2025-07-12 06:06:28,0,kube_pod_container_status_restarts_total,node-exporter,kube-state-metrics.nimbusguard.svc:8080,prometheus.scrape.kube_state_metrics,nimbusguard,node-exporter-jddwt,7e6664cd-c837-4da0-82e5-ca23e7a06c4f
2025-07-12 06:07:28,0,kube_pod_container_status_restarts_total,node-exporter,kube-state-metrics.nimbusguard.svc:8080,prometheus.scrape.kube_state_metrics,nimbusguard,node-exporter-jddwt,7e6664cd-c837-4da0-82e5-ca23e7a06c4f
2025-07-12 06:08:28,0,kube_pod_container_status_restarts_total,node-exporter,kube-state-metrics.nimbusguard.svc:8080,prometheus.scrape.kube_state_metrics,nimbusguard,node-exporter-jddwt,7e6664cd-c837-4da0-82e5-ca23e7a06c4f
2025-07-12 06:09:28,0,kube_pod_container_status_restarts_total,node-exporter,kube-state-metrics.nimbusguard.svc:8080,prometheus.scrape.kube_state_metrics,nimbusguard,node-exporter-jddwt,7e6664cd-c837-4da0-82e5-ca23e7a06c4f
2025-07-12 06:10:28,0,kube_pod_container_status_restarts_total,node-exporter,kube-state-metrics.nimbusguard.svc:8080,prometheus.scrape.kube_state_metrics,nimbusguard,node-exporter-jddwt,7e6664cd-c837-4da0-82e5-ca23e7a06c4f
2025-07-12 06:11:28,0,kube_pod_container_status_restarts_total,node-exporter,kube-state-metrics.nimbusguard.svc:8080,prometheus.scrape.kube_state_metrics,nimbusguard,node-exporter-jddwt,7e6664cd-c837-4da0-82e5-ca23e7a06c4f
2025-07-12 06:12:28,0,kube_pod_container_status_restarts_total,node-exporter,kube-state-metrics.nimbusguard.svc:8080,prometheus.scrape.kube_state_metrics,nimbusguard,node-exporter-jddwt,7e6664cd-c837-4da0-82e5-ca23e7a06c4f
2025-07-12 06:13:28,0,kube_pod_container_status_restarts_total,node-exporter,kube-state-metrics.nimbusguard.svc:8080,prometheus.scrape.kube_state_metrics,nimbusguard,node-exporter-jddwt,7e6664cd-c837-4da0-82e5-ca23e7a06c4f
2025-07-12 05:30:28,0,kube_pod_container_status_restarts_total,node-exporter,kube-state-metrics.nimbusguard.svc:8080,prometheus.scrape.kube_state_metrics,nimbusguard,node-exporter-wg9f9,efef35ba-3a08-4a03-96c3-565707436e65
2025-07-12 05:31:28,0,kube_pod_container_status_restarts_total,node-exporter,kube-state-metrics.nimbusguard.svc:8080,prometheus.scrape.kube_state_metrics,nimbusguard,node-exporter-wg9f9,efef35ba-3a08-4a03-96c3-565707436e65
2025-07-12 05:32:28,0,kube_pod_container_status_restarts_total,node-exporter,kube-state-metrics.nimbusguard.svc:8080,prometheus.scrape.kube_state_metrics,nimbusguard,node-exporter-wg9f9,efef35ba-3a08-4a03-96c3-565707436e65
2025-07-12 05:33:28,0,kube_pod_container_status_restarts_total,node-exporter,kube-state-metrics.nimbusguard.svc:8080,prometheus.scrape.kube_state_metrics,nimbusguard,node-exporter-wg9f9,efef35ba-3a08-4a03-96c3-565707436e65
2025-07-12 05:34:28,0,kube_pod_container_status_restarts_total,node-exporter,kube-state-metrics.nimbusguard.svc:8080,prometheus.scrape.kube_state_metrics,nimbusguard,node-exporter-wg9f9,efef35ba-3a08-4a03-96c3-565707436e65
2025-07-12 05:35:28,0,kube_pod_container_status_restarts_total,node-exporter,kube-state-metrics.nimbusguard.svc:8080,prometheus.scrape.kube_state_metrics,nimbusguard,node-exporter-wg9f9,efef35ba-3a08-4a03-96c3-565707436e65
2025-07-12 05:36:28,0,kube_pod_container_status_restarts_total,node-exporter,kube-state-metrics.nimbusguard.svc:8080,prometheus.scrape.kube_state_metrics,nimbusguard,node-exporter-wg9f9,efef35ba-3a08-4a03-96c3-565707436e65
2025-07-12 05:37:28,0,kube_pod_container_status_restarts_total,node-exporter,kube-state-metrics.nimbusguard.svc:8080,prometheus.scrape.kube_state_metrics,nimbusguard,node-exporter-wg9f9,efef35ba-3a08-4a03-96c3-565707436e65
2025-07-12 05:38:28,0,kube_pod_container_status_restarts_total,node-exporter,kube-state-metrics.nimbusguard.svc:8080,prometheus.scrape.kube_state_metrics,nimbusguard,node-exporter-wg9f9,efef35ba-3a08-4a03-96c3-565707436e65
2025-07-12 05:39:28,0,kube_pod_container_status_restarts_total,node-exporter,kube-state-metrics.nimbusguard.svc:8080,prometheus.scrape.kube_state_metrics,nimbusguard,node-exporter-wg9f9,efef35ba-3a08-4a03-96c3-565707436e65
2025-07-12 05:40:28,0,kube_pod_container_status_restarts_total,node-exporter,kube-state-metrics.nimbusguard.svc:8080,prometheus.scrape.kube_state_metrics,nimbusguard,node-exporter-wg9f9,efef35ba-3a08-4a03-96c3-565707436e65
2025-07-12 05:41:28,0,kube_pod_container_status_restarts_total,node-exporter,kube-state-metrics.nimbusguard.svc:8080,prometheus.scrape.kube_state_metrics,nimbusguard,node-exporter-wg9f9,efef35ba-3a08-4a03-96c3-565707436e65
2025-07-12 05:42:28,0,kube_pod_container_status_restarts_total,node-exporter,kube-state-metrics.nimbusguard.svc:8080,prometheus.scrape.kube_state_metrics,nimbusguard,node-exporter-wg9f9,efef35ba-3a08-4a03-96c3-565707436e65
2025-07-12 05:43:28,0,kube_pod_container_status_restarts_total,node-exporter,kube-state-metrics.nimbusguard.svc:8080,prometheus.scrape.kube_state_metrics,nimbusguard,node-exporter-wg9f9,efef35ba-3a08-4a03-96c3-565707436e65
2025-07-12 05:44:28,0,kube_pod_container_status_restarts_total,node-exporter,kube-state-metrics.nimbusguard.svc:8080,prometheus.scrape.kube_state_metrics,nimbusguard,node-exporter-wg9f9,efef35ba-3a08-4a03-96c3-565707436e65
2025-07-12 05:45:28,0,kube_pod_container_status_restarts_total,node-exporter,kube-state-metrics.nimbusguard.svc:8080,prometheus.scrape.kube_state_metrics,nimbusguard,node-exporter-wg9f9,efef35ba-3a08-4a03-96c3-565707436e65
2025-07-12 05:46:28,0,kube_pod_container_status_restarts_total,node-exporter,kube-state-metrics.nimbusguard.svc:8080,prometheus.scrape.kube_state_metrics,nimbusguard,node-exporter-wg9f9,efef35ba-3a08-4a03-96c3-565707436e65
2025-07-12 05:47:28,0,kube_pod_container_status_restarts_total,node-exporter,kube-state-metrics.nimbusguard.svc:8080,prometheus.scrape.kube_state_metrics,nimbusguard,node-exporter-wg9f9,efef35ba-3a08-4a03-96c3-565707436e65
2025-07-12 05:48:28,0,kube_pod_container_status_restarts_total,node-exporter,kube-state-metrics.nimbusguard.svc:8080,prometheus.scrape.kube_state_metrics,nimbusguard,node-exporter-wg9f9,efef35ba-3a08-4a03-96c3-565707436e65
2025-07-12 05:49:28,0,kube_pod_container_status_restarts_total,node-exporter,kube-state-metrics.nimbusguard.svc:8080,prometheus.scrape.kube_state_metrics,nimbusguard,node-exporter-wg9f9,efef35ba-3a08-4a03-96c3-565707436e65
2025-07-12 05:50:28,0,kube_pod_container_status_restarts_total,node-exporter,kube-state-metrics.nimbusguard.svc:8080,prometheus.scrape.kube_state_metrics,nimbusguard,node-exporter-wg9f9,efef35ba-3a08-4a03-96c3-565707436e65
2025-07-12 05:51:28,0,kube_pod_container_status_restarts_total,node-exporter,kube-state-metrics.nimbusguard.svc:8080,prometheus.scrape.kube_state_metrics,nimbusguard,node-exporter-wg9f9,efef35ba-3a08-4a03-96c3-565707436e65
2025-07-12 05:52:28,0,kube_pod_container_status_restarts_total,node-exporter,kube-state-metrics.nimbusguard.svc:8080,prometheus.scrape.kube_state_metrics,nimbusguard,node-exporter-wg9f9,efef35ba-3a08-4a03-96c3-565707436e65
2025-07-12 05:53:28,0,kube_pod_container_status_restarts_total,node-exporter,kube-state-metrics.nimbusguard.svc:8080,prometheus.scrape.kube_state_metrics,nimbusguard,node-exporter-wg9f9,efef35ba-3a08-4a03-96c3-565707436e65
2025-07-12 05:54:28,0,kube_pod_container_status_restarts_total,node-exporter,kube-state-metrics.nimbusguard.svc:8080,prometheus.scrape.kube_state_metrics,nimbusguard,node-exporter-wg9f9,efef35ba-3a08-4a03-96c3-565707436e65
2025-07-12 05:55:28,0,kube_pod_container_status_restarts_total,node-exporter,kube-state-metrics.nimbusguard.svc:8080,prometheus.scrape.kube_state_metrics,nimbusguard,node-exporter-wg9f9,efef35ba-3a08-4a03-96c3-565707436e65
2025-07-12 05:56:28,0,kube_pod_container_status_restarts_total,node-exporter,kube-state-metrics.nimbusguard.svc:8080,prometheus.scrape.kube_state_metrics,nimbusguard,node-exporter-wg9f9,efef35ba-3a08-4a03-96c3-565707436e65
2025-07-12 05:57:28,0,kube_pod_container_status_restarts_total,node-exporter,kube-state-metrics.nimbusguard.svc:8080,prometheus.scrape.kube_state_metrics,nimbusguard,node-exporter-wg9f9,efef35ba-3a08-4a03-96c3-565707436e65
2025-07-12 05:58:28,0,kube_pod_container_status_restarts_total,node-exporter,kube-state-metrics.nimbusguard.svc:8080,prometheus.scrape.kube_state_metrics,nimbusguard,node-exporter-wg9f9,efef35ba-3a08-4a03-96c3-565707436e65
2025-07-12 05:59:28,0,kube_pod_container_status_restarts_total,node-exporter,kube-state-metrics.nimbusguard.svc:8080,prometheus.scrape.kube_state_metrics,nimbusguard,node-exporter-wg9f9,efef35ba-3a08-4a03-96c3-565707436e65
2025-07-12 06:00:28,0,kube_pod_container_status_restarts_total,node-exporter,kube-state-metrics.nimbusguard.svc:8080,prometheus.scrape.kube_state_metrics,nimbusguard,node-exporter-wg9f9,efef35ba-3a08-4a03-96c3-565707436e65
2025-07-12 06:01:28,0,kube_pod_container_status_restarts_total,node-exporter,kube-state-metrics.nimbusguard.svc:8080,prometheus.scrape.kube_state_metrics,nimbusguard,node-exporter-wg9f9,efef35ba-3a08-4a03-96c3-565707436e65
2025-07-12 06:02:28,0,kube_pod_container_status_restarts_total,node-exporter,kube-state-metrics.nimbusguard.svc:8080,prometheus.scrape.kube_state_metrics,nimbusguard,node-exporter-wg9f9,efef35ba-3a08-4a03-96c3-565707436e65
2025-07-12 06:03:28,0,kube_pod_container_status_restarts_total,node-exporter,kube-state-metrics.nimbusguard.svc:8080,prometheus.scrape.kube_state_metrics,nimbusguard,node-exporter-wg9f9,efef35ba-3a08-4a03-96c3-565707436e65
2025-07-12 06:04:28,0,kube_pod_container_status_restarts_total,node-exporter,kube-state-metrics.nimbusguard.svc:8080,prometheus.scrape.kube_state_metrics,nimbusguard,node-exporter-wg9f9,efef35ba-3a08-4a03-96c3-565707436e65
2025-07-12 06:05:28,0,kube_pod_container_status_restarts_total,node-exporter,kube-state-metrics.nimbusguard.svc:8080,prometheus.scrape.kube_state_metrics,nimbusguard,node-exporter-wg9f9,efef35ba-3a08-4a03-96c3-565707436e65
2025-07-12 06:06:28,0,kube_pod_container_status_restarts_total,node-exporter,kube-state-metrics.nimbusguard.svc:8080,prometheus.scrape.kube_state_metrics,nimbusguard,node-exporter-wg9f9,efef35ba-3a08-4a03-96c3-565707436e65
2025-07-12 06:07:28,0,kube_pod_container_status_restarts_total,node-exporter,kube-state-metrics.nimbusguard.svc:8080,prometheus.scrape.kube_state_metrics,nimbusguard,node-exporter-wg9f9,efef35ba-3a08-4a03-96c3-565707436e65
2025-07-12 06:08:28,0,kube_pod_container_status_restarts_total,node-exporter,kube-state-metrics.nimbusguard.svc:8080,prometheus.scrape.kube_state_metrics,nimbusguard,node-exporter-wg9f9,efef35ba-3a08-4a03-96c3-565707436e65
2025-07-12 06:09:28,0,kube_pod_container_status_restarts_total,node-exporter,kube-state-metrics.nimbusguard.svc:8080,prometheus.scrape.kube_state_metrics,nimbusguard,node-exporter-wg9f9,efef35ba-3a08-4a03-96c3-565707436e65
2025-07-12 06:10:28,0,kube_pod_container_status_restarts_total,node-exporter,kube-state-metrics.nimbusguard.svc:8080,prometheus.scrape.kube_state_metrics,nimbusguard,node-exporter-wg9f9,efef35ba-3a08-4a03-96c3-565707436e65
2025-07-12 06:11:28,0,kube_pod_container_status_restarts_total,node-exporter,kube-state-metrics.nimbusguard.svc:8080,prometheus.scrape.kube_state_metrics,nimbusguard,node-exporter-wg9f9,efef35ba-3a08-4a03-96c3-565707436e65
2025-07-12 06:12:28,0,kube_pod_container_status_restarts_total,node-exporter,kube-state-metrics.nimbusguard.svc:8080,prometheus.scrape.kube_state_metrics,nimbusguard,node-exporter-wg9f9,efef35ba-3a08-4a03-96c3-565707436e65
2025-07-12 06:13:28,0,kube_pod_container_status_restarts_total,node-exporter,kube-state-metrics.nimbusguard.svc:8080,prometheus.scrape.kube_state_metrics,nimbusguard,node-exporter-wg9f9,efef35ba-3a08-4a03-96c3-565707436e65
2025-07-12 05:29:28,0,kube_pod_container_status_restarts_total,prometheus,10.244.1.4:8080,prometheus.scrape.annotated_pods,nimbusguard,prometheus-994c5566f-wtrsc,06c823a3-c7e7-4d76-b83d-14dc94a5f846
2025-07-12 05:30:28,0,kube_pod_container_status_restarts_total,prometheus,10.244.1.4:8080,prometheus.scrape.annotated_pods,nimbusguard,prometheus-994c5566f-wtrsc,06c823a3-c7e7-4d76-b83d-14dc94a5f846
2025-07-12 05:31:28,0,kube_pod_container_status_restarts_total,prometheus,10.244.1.4:8080,prometheus.scrape.annotated_pods,nimbusguard,prometheus-994c5566f-wtrsc,06c823a3-c7e7-4d76-b83d-14dc94a5f846
2025-07-12 05:32:28,0,kube_pod_container_status_restarts_total,prometheus,10.244.1.4:8080,prometheus.scrape.annotated_pods,nimbusguard,prometheus-994c5566f-wtrsc,06c823a3-c7e7-4d76-b83d-14dc94a5f846
2025-07-12 05:33:28,0,kube_pod_container_status_restarts_total,prometheus,10.244.1.4:8080,prometheus.scrape.annotated_pods,nimbusguard,prometheus-994c5566f-wtrsc,06c823a3-c7e7-4d76-b83d-14dc94a5f846
2025-07-12 05:34:28,0,kube_pod_container_status_restarts_total,prometheus,10.244.1.4:8080,prometheus.scrape.annotated_pods,nimbusguard,prometheus-994c5566f-wtrsc,06c823a3-c7e7-4d76-b83d-14dc94a5f846
2025-07-12 05:35:28,0,kube_pod_container_status_restarts_total,prometheus,10.244.1.4:8080,prometheus.scrape.annotated_pods,nimbusguard,prometheus-994c5566f-wtrsc,06c823a3-c7e7-4d76-b83d-14dc94a5f846
2025-07-12 05:36:28,0,kube_pod_container_status_restarts_total,prometheus,10.244.1.4:8080,prometheus.scrape.annotated_pods,nimbusguard,prometheus-994c5566f-wtrsc,06c823a3-c7e7-4d76-b83d-14dc94a5f846
2025-07-12 05:37:28,0,kube_pod_container_status_restarts_total,prometheus,10.244.1.4:8080,prometheus.scrape.annotated_pods,nimbusguard,prometheus-994c5566f-wtrsc,06c823a3-c7e7-4d76-b83d-14dc94a5f846
2025-07-12 05:38:28,0,kube_pod_container_status_restarts_total,prometheus,10.244.1.4:8080,prometheus.scrape.annotated_pods,nimbusguard,prometheus-994c5566f-wtrsc,06c823a3-c7e7-4d76-b83d-14dc94a5f846
2025-07-12 05:39:28,0,kube_pod_container_status_restarts_total,prometheus,10.244.1.4:8080,prometheus.scrape.annotated_pods,nimbusguard,prometheus-994c5566f-wtrsc,06c823a3-c7e7-4d76-b83d-14dc94a5f846
2025-07-12 05:40:28,0,kube_pod_container_status_restarts_total,prometheus,10.244.1.4:8080,prometheus.scrape.annotated_pods,nimbusguard,prometheus-994c5566f-wtrsc,06c823a3-c7e7-4d76-b83d-14dc94a5f846
2025-07-12 05:41:28,0,kube_pod_container_status_restarts_total,prometheus,10.244.1.4:8080,prometheus.scrape.annotated_pods,nimbusguard,prometheus-994c5566f-wtrsc,06c823a3-c7e7-4d76-b83d-14dc94a5f846
2025-07-12 05:42:28,0,kube_pod_container_status_restarts_total,prometheus,10.244.1.4:8080,prometheus.scrape.annotated_pods,nimbusguard,prometheus-994c5566f-wtrsc,06c823a3-c7e7-4d76-b83d-14dc94a5f846
2025-07-12 05:43:28,0,kube_pod_container_status_restarts_total,prometheus,10.244.1.4:8080,prometheus.scrape.annotated_pods,nimbusguard,prometheus-994c5566f-wtrsc,06c823a3-c7e7-4d76-b83d-14dc94a5f846
2025-07-12 05:44:28,0,kube_pod_container_status_restarts_total,prometheus,10.244.1.4:8080,prometheus.scrape.annotated_pods,nimbusguard,prometheus-994c5566f-wtrsc,06c823a3-c7e7-4d76-b83d-14dc94a5f846
2025-07-12 05:45:28,0,kube_pod_container_status_restarts_total,prometheus,10.244.1.4:8080,prometheus.scrape.annotated_pods,nimbusguard,prometheus-994c5566f-wtrsc,06c823a3-c7e7-4d76-b83d-14dc94a5f846
2025-07-12 05:46:28,0,kube_pod_container_status_restarts_total,prometheus,10.244.1.4:8080,prometheus.scrape.annotated_pods,nimbusguard,prometheus-994c5566f-wtrsc,06c823a3-c7e7-4d76-b83d-14dc94a5f846
2025-07-12 05:47:28,0,kube_pod_container_status_restarts_total,prometheus,10.244.1.4:8080,prometheus.scrape.annotated_pods,nimbusguard,prometheus-994c5566f-wtrsc,06c823a3-c7e7-4d76-b83d-14dc94a5f846
2025-07-12 05:48:28,0,kube_pod_container_status_restarts_total,prometheus,10.244.1.4:8080,prometheus.scrape.annotated_pods,nimbusguard,prometheus-994c5566f-wtrsc,06c823a3-c7e7-4d76-b83d-14dc94a5f846
2025-07-12 05:49:28,0,kube_pod_container_status_restarts_total,prometheus,10.244.1.4:8080,prometheus.scrape.annotated_pods,nimbusguard,prometheus-994c5566f-wtrsc,06c823a3-c7e7-4d76-b83d-14dc94a5f846
2025-07-12 05:50:28,0,kube_pod_container_status_restarts_total,prometheus,10.244.1.4:8080,prometheus.scrape.annotated_pods,nimbusguard,prometheus-994c5566f-wtrsc,06c823a3-c7e7-4d76-b83d-14dc94a5f846
2025-07-12 05:51:28,0,kube_pod_container_status_restarts_total,prometheus,10.244.1.4:8080,prometheus.scrape.annotated_pods,nimbusguard,prometheus-994c5566f-wtrsc,06c823a3-c7e7-4d76-b83d-14dc94a5f846
2025-07-12 05:52:28,0,kube_pod_container_status_restarts_total,prometheus,10.244.1.4:8080,prometheus.scrape.annotated_pods,nimbusguard,prometheus-994c5566f-wtrsc,06c823a3-c7e7-4d76-b83d-14dc94a5f846
2025-07-12 05:53:28,0,kube_pod_container_status_restarts_total,prometheus,10.244.1.4:8080,prometheus.scrape.annotated_pods,nimbusguard,prometheus-994c5566f-wtrsc,06c823a3-c7e7-4d76-b83d-14dc94a5f846
2025-07-12 05:54:28,0,kube_pod_container_status_restarts_total,prometheus,10.244.1.4:8080,prometheus.scrape.annotated_pods,nimbusguard,prometheus-994c5566f-wtrsc,06c823a3-c7e7-4d76-b83d-14dc94a5f846
2025-07-12 05:55:28,0,kube_pod_container_status_restarts_total,prometheus,10.244.1.4:8080,prometheus.scrape.annotated_pods,nimbusguard,prometheus-994c5566f-wtrsc,06c823a3-c7e7-4d76-b83d-14dc94a5f846
2025-07-12 05:56:28,0,kube_pod_container_status_restarts_total,prometheus,10.244.1.4:8080,prometheus.scrape.annotated_pods,nimbusguard,prometheus-994c5566f-wtrsc,06c823a3-c7e7-4d76-b83d-14dc94a5f846
2025-07-12 05:57:28,0,kube_pod_container_status_restarts_total,prometheus,10.244.1.4:8080,prometheus.scrape.annotated_pods,nimbusguard,prometheus-994c5566f-wtrsc,06c823a3-c7e7-4d76-b83d-14dc94a5f846
2025-07-12 05:58:28,0,kube_pod_container_status_restarts_total,prometheus,10.244.1.4:8080,prometheus.scrape.annotated_pods,nimbusguard,prometheus-994c5566f-wtrsc,06c823a3-c7e7-4d76-b83d-14dc94a5f846
2025-07-12 05:59:28,0,kube_pod_container_status_restarts_total,prometheus,10.244.1.4:8080,prometheus.scrape.annotated_pods,nimbusguard,prometheus-994c5566f-wtrsc,06c823a3-c7e7-4d76-b83d-14dc94a5f846
2025-07-12 06:00:28,0,kube_pod_container_status_restarts_total,prometheus,10.244.1.4:8080,prometheus.scrape.annotated_pods,nimbusguard,prometheus-994c5566f-wtrsc,06c823a3-c7e7-4d76-b83d-14dc94a5f846
2025-07-12 06:01:28,0,kube_pod_container_status_restarts_total,prometheus,10.244.1.4:8080,prometheus.scrape.annotated_pods,nimbusguard,prometheus-994c5566f-wtrsc,06c823a3-c7e7-4d76-b83d-14dc94a5f846
2025-07-12 06:02:28,0,kube_pod_container_status_restarts_total,prometheus,10.244.1.4:8080,prometheus.scrape.annotated_pods,nimbusguard,prometheus-994c5566f-wtrsc,06c823a3-c7e7-4d76-b83d-14dc94a5f846
2025-07-12 06:03:28,0,kube_pod_container_status_restarts_total,prometheus,10.244.1.4:8080,prometheus.scrape.annotated_pods,nimbusguard,prometheus-994c5566f-wtrsc,06c823a3-c7e7-4d76-b83d-14dc94a5f846
2025-07-12 06:04:28,0,kube_pod_container_status_restarts_total,prometheus,10.244.1.4:8080,prometheus.scrape.annotated_pods,nimbusguard,prometheus-994c5566f-wtrsc,06c823a3-c7e7-4d76-b83d-14dc94a5f846
2025-07-12 06:05:28,0,kube_pod_container_status_restarts_total,prometheus,10.244.1.4:8080,prometheus.scrape.annotated_pods,nimbusguard,prometheus-994c5566f-wtrsc,06c823a3-c7e7-4d76-b83d-14dc94a5f846
2025-07-12 06:06:28,0,kube_pod_container_status_restarts_total,prometheus,10.244.1.4:8080,prometheus.scrape.annotated_pods,nimbusguard,prometheus-994c5566f-wtrsc,06c823a3-c7e7-4d76-b83d-14dc94a5f846
2025-07-12 06:07:28,0,kube_pod_container_status_restarts_total,prometheus,10.244.1.4:8080,prometheus.scrape.annotated_pods,nimbusguard,prometheus-994c5566f-wtrsc,06c823a3-c7e7-4d76-b83d-14dc94a5f846
2025-07-12 06:08:28,0,kube_pod_container_status_restarts_total,prometheus,10.244.1.4:8080,prometheus.scrape.annotated_pods,nimbusguard,prometheus-994c5566f-wtrsc,06c823a3-c7e7-4d76-b83d-14dc94a5f846
2025-07-12 06:09:28,0,kube_pod_container_status_restarts_total,prometheus,10.244.1.4:8080,prometheus.scrape.annotated_pods,nimbusguard,prometheus-994c5566f-wtrsc,06c823a3-c7e7-4d76-b83d-14dc94a5f846
2025-07-12 06:10:28,0,kube_pod_container_status_restarts_total,prometheus,10.244.1.4:8080,prometheus.scrape.annotated_pods,nimbusguard,prometheus-994c5566f-wtrsc,06c823a3-c7e7-4d76-b83d-14dc94a5f846
2025-07-12 06:11:28,0,kube_pod_container_status_restarts_total,prometheus,10.244.1.4:8080,prometheus.scrape.annotated_pods,nimbusguard,prometheus-994c5566f-wtrsc,06c823a3-c7e7-4d76-b83d-14dc94a5f846
2025-07-12 06:12:28,0,kube_pod_container_status_restarts_total,prometheus,10.244.1.4:8080,prometheus.scrape.annotated_pods,nimbusguard,prometheus-994c5566f-wtrsc,06c823a3-c7e7-4d76-b83d-14dc94a5f846
2025-07-12 06:13:28,0,kube_pod_container_status_restarts_total,prometheus,10.244.1.4:8080,prometheus.scrape.annotated_pods,nimbusguard,prometheus-994c5566f-wtrsc,06c823a3-c7e7-4d76-b83d-14dc94a5f846
2025-07-12 05:30:28,0,kube_pod_container_status_restarts_total,prometheus,kube-state-metrics.nimbusguard.svc:8080,prometheus.scrape.kube_state_metrics,nimbusguard,prometheus-994c5566f-wtrsc,06c823a3-c7e7-4d76-b83d-14dc94a5f846
2025-07-12 05:31:28,0,kube_pod_container_status_restarts_total,prometheus,kube-state-metrics.nimbusguard.svc:8080,prometheus.scrape.kube_state_metrics,nimbusguard,prometheus-994c5566f-wtrsc,06c823a3-c7e7-4d76-b83d-14dc94a5f846
2025-07-12 05:32:28,0,kube_pod_container_status_restarts_total,prometheus,kube-state-metrics.nimbusguard.svc:8080,prometheus.scrape.kube_state_metrics,nimbusguard,prometheus-994c5566f-wtrsc,06c823a3-c7e7-4d76-b83d-14dc94a5f846
2025-07-12 05:33:28,0,kube_pod_container_status_restarts_total,prometheus,kube-state-metrics.nimbusguard.svc:8080,prometheus.scrape.kube_state_metrics,nimbusguard,prometheus-994c5566f-wtrsc,06c823a3-c7e7-4d76-b83d-14dc94a5f846
2025-07-12 05:34:28,0,kube_pod_container_status_restarts_total,prometheus,kube-state-metrics.nimbusguard.svc:8080,prometheus.scrape.kube_state_metrics,nimbusguard,prometheus-994c5566f-wtrsc,06c823a3-c7e7-4d76-b83d-14dc94a5f846
2025-07-12 05:35:28,0,kube_pod_container_status_restarts_total,prometheus,kube-state-metrics.nimbusguard.svc:8080,prometheus.scrape.kube_state_metrics,nimbusguard,prometheus-994c5566f-wtrsc,06c823a3-c7e7-4d76-b83d-14dc94a5f846
2025-07-12 05:36:28,0,kube_pod_container_status_restarts_total,prometheus,kube-state-metrics.nimbusguard.svc:8080,prometheus.scrape.kube_state_metrics,nimbusguard,prometheus-994c5566f-wtrsc,06c823a3-c7e7-4d76-b83d-14dc94a5f846
2025-07-12 05:37:28,0,kube_pod_container_status_restarts_total,prometheus,kube-state-metrics.nimbusguard.svc:8080,prometheus.scrape.kube_state_metrics,nimbusguard,prometheus-994c5566f-wtrsc,06c823a3-c7e7-4d76-b83d-14dc94a5f846
2025-07-12 05:38:28,0,kube_pod_container_status_restarts_total,prometheus,kube-state-metrics.nimbusguard.svc:8080,prometheus.scrape.kube_state_metrics,nimbusguard,prometheus-994c5566f-wtrsc,06c823a3-c7e7-4d76-b83d-14dc94a5f846
2025-07-12 05:39:28,0,kube_pod_container_status_restarts_total,prometheus,kube-state-metrics.nimbusguard.svc:8080,prometheus.scrape.kube_state_metrics,nimbusguard,prometheus-994c5566f-wtrsc,06c823a3-c7e7-4d76-b83d-14dc94a5f846
2025-07-12 05:40:28,0,kube_pod_container_status_restarts_total,prometheus,kube-state-metrics.nimbusguard.svc:8080,prometheus.scrape.kube_state_metrics,nimbusguard,prometheus-994c5566f-wtrsc,06c823a3-c7e7-4d76-b83d-14dc94a5f846
2025-07-12 05:41:28,0,kube_pod_container_status_restarts_total,prometheus,kube-state-metrics.nimbusguard.svc:8080,prometheus.scrape.kube_state_metrics,nimbusguard,prometheus-994c5566f-wtrsc,06c823a3-c7e7-4d76-b83d-14dc94a5f846
2025-07-12 05:42:28,0,kube_pod_container_status_restarts_total,prometheus,kube-state-metrics.nimbusguard.svc:8080,prometheus.scrape.kube_state_metrics,nimbusguard,prometheus-994c5566f-wtrsc,06c823a3-c7e7-4d76-b83d-14dc94a5f846
2025-07-12 05:43:28,0,kube_pod_container_status_restarts_total,prometheus,kube-state-metrics.nimbusguard.svc:8080,prometheus.scrape.kube_state_metrics,nimbusguard,prometheus-994c5566f-wtrsc,06c823a3-c7e7-4d76-b83d-14dc94a5f846
2025-07-12 05:44:28,0,kube_pod_container_status_restarts_total,prometheus,kube-state-metrics.nimbusguard.svc:8080,prometheus.scrape.kube_state_metrics,nimbusguard,prometheus-994c5566f-wtrsc,06c823a3-c7e7-4d76-b83d-14dc94a5f846
2025-07-12 05:45:28,0,kube_pod_container_status_restarts_total,prometheus,kube-state-metrics.nimbusguard.svc:8080,prometheus.scrape.kube_state_metrics,nimbusguard,prometheus-994c5566f-wtrsc,06c823a3-c7e7-4d76-b83d-14dc94a5f846
2025-07-12 05:46:28,0,kube_pod_container_status_restarts_total,prometheus,kube-state-metrics.nimbusguard.svc:8080,prometheus.scrape.kube_state_metrics,nimbusguard,prometheus-994c5566f-wtrsc,06c823a3-c7e7-4d76-b83d-14dc94a5f846
2025-07-12 05:47:28,0,kube_pod_container_status_restarts_total,prometheus,kube-state-metrics.nimbusguard.svc:8080,prometheus.scrape.kube_state_metrics,nimbusguard,prometheus-994c5566f-wtrsc,06c823a3-c7e7-4d76-b83d-14dc94a5f846
2025-07-12 05:48:28,0,kube_pod_container_status_restarts_total,prometheus,kube-state-metrics.nimbusguard.svc:8080,prometheus.scrape.kube_state_metrics,nimbusguard,prometheus-994c5566f-wtrsc,06c823a3-c7e7-4d76-b83d-14dc94a5f846
2025-07-12 05:49:28,0,kube_pod_container_status_restarts_total,prometheus,kube-state-metrics.nimbusguard.svc:8080,prometheus.scrape.kube_state_metrics,nimbusguard,prometheus-994c5566f-wtrsc,06c823a3-c7e7-4d76-b83d-14dc94a5f846
2025-07-12 05:50:28,0,kube_pod_container_status_restarts_total,prometheus,kube-state-metrics.nimbusguard.svc:8080,prometheus.scrape.kube_state_metrics,nimbusguard,prometheus-994c5566f-wtrsc,06c823a3-c7e7-4d76-b83d-14dc94a5f846
2025-07-12 05:51:28,0,kube_pod_container_status_restarts_total,prometheus,kube-state-metrics.nimbusguard.svc:8080,prometheus.scrape.kube_state_metrics,nimbusguard,prometheus-994c5566f-wtrsc,06c823a3-c7e7-4d76-b83d-14dc94a5f846
2025-07-12 05:52:28,0,kube_pod_container_status_restarts_total,prometheus,kube-state-metrics.nimbusguard.svc:8080,prometheus.scrape.kube_state_metrics,nimbusguard,prometheus-994c5566f-wtrsc,06c823a3-c7e7-4d76-b83d-14dc94a5f846
2025-07-12 05:53:28,0,kube_pod_container_status_restarts_total,prometheus,kube-state-metrics.nimbusguard.svc:8080,prometheus.scrape.kube_state_metrics,nimbusguard,prometheus-994c5566f-wtrsc,06c823a3-c7e7-4d76-b83d-14dc94a5f846
2025-07-12 05:54:28,0,kube_pod_container_status_restarts_total,prometheus,kube-state-metrics.nimbusguard.svc:8080,prometheus.scrape.kube_state_metrics,nimbusguard,prometheus-994c5566f-wtrsc,06c823a3-c7e7-4d76-b83d-14dc94a5f846
2025-07-12 05:55:28,0,kube_pod_container_status_restarts_total,prometheus,kube-state-metrics.nimbusguard.svc:8080,prometheus.scrape.kube_state_metrics,nimbusguard,prometheus-994c5566f-wtrsc,06c823a3-c7e7-4d76-b83d-14dc94a5f846
2025-07-12 05:56:28,0,kube_pod_container_status_restarts_total,prometheus,kube-state-metrics.nimbusguard.svc:8080,prometheus.scrape.kube_state_metrics,nimbusguard,prometheus-994c5566f-wtrsc,06c823a3-c7e7-4d76-b83d-14dc94a5f846
2025-07-12 05:57:28,0,kube_pod_container_status_restarts_total,prometheus,kube-state-metrics.nimbusguard.svc:8080,prometheus.scrape.kube_state_metrics,nimbusguard,prometheus-994c5566f-wtrsc,06c823a3-c7e7-4d76-b83d-14dc94a5f846
2025-07-12 05:58:28,0,kube_pod_container_status_restarts_total,prometheus,kube-state-metrics.nimbusguard.svc:8080,prometheus.scrape.kube_state_metrics,nimbusguard,prometheus-994c5566f-wtrsc,06c823a3-c7e7-4d76-b83d-14dc94a5f846
2025-07-12 05:59:28,0,kube_pod_container_status_restarts_total,prometheus,kube-state-metrics.nimbusguard.svc:8080,prometheus.scrape.kube_state_metrics,nimbusguard,prometheus-994c5566f-wtrsc,06c823a3-c7e7-4d76-b83d-14dc94a5f846
2025-07-12 06:00:28,0,kube_pod_container_status_restarts_total,prometheus,kube-state-metrics.nimbusguard.svc:8080,prometheus.scrape.kube_state_metrics,nimbusguard,prometheus-994c5566f-wtrsc,06c823a3-c7e7-4d76-b83d-14dc94a5f846
2025-07-12 06:01:28,0,kube_pod_container_status_restarts_total,prometheus,kube-state-metrics.nimbusguard.svc:8080,prometheus.scrape.kube_state_metrics,nimbusguard,prometheus-994c5566f-wtrsc,06c823a3-c7e7-4d76-b83d-14dc94a5f846
2025-07-12 06:02:28,0,kube_pod_container_status_restarts_total,prometheus,kube-state-metrics.nimbusguard.svc:8080,prometheus.scrape.kube_state_metrics,nimbusguard,prometheus-994c5566f-wtrsc,06c823a3-c7e7-4d76-b83d-14dc94a5f846
2025-07-12 06:03:28,0,kube_pod_container_status_restarts_total,prometheus,kube-state-metrics.nimbusguard.svc:8080,prometheus.scrape.kube_state_metrics,nimbusguard,prometheus-994c5566f-wtrsc,06c823a3-c7e7-4d76-b83d-14dc94a5f846
2025-07-12 06:04:28,0,kube_pod_container_status_restarts_total,prometheus,kube-state-metrics.nimbusguard.svc:8080,prometheus.scrape.kube_state_metrics,nimbusguard,prometheus-994c5566f-wtrsc,06c823a3-c7e7-4d76-b83d-14dc94a5f846
2025-07-12 06:05:28,0,kube_pod_container_status_restarts_total,prometheus,kube-state-metrics.nimbusguard.svc:8080,prometheus.scrape.kube_state_metrics,nimbusguard,prometheus-994c5566f-wtrsc,06c823a3-c7e7-4d76-b83d-14dc94a5f846
2025-07-12 06:06:28,0,kube_pod_container_status_restarts_total,prometheus,kube-state-metrics.nimbusguard.svc:8080,prometheus.scrape.kube_state_metrics,nimbusguard,prometheus-994c5566f-wtrsc,06c823a3-c7e7-4d76-b83d-14dc94a5f846
2025-07-12 06:07:28,0,kube_pod_container_status_restarts_total,prometheus,kube-state-metrics.nimbusguard.svc:8080,prometheus.scrape.kube_state_metrics,nimbusguard,prometheus-994c5566f-wtrsc,06c823a3-c7e7-4d76-b83d-14dc94a5f846
2025-07-12 06:08:28,0,kube_pod_container_status_restarts_total,prometheus,kube-state-metrics.nimbusguard.svc:8080,prometheus.scrape.kube_state_metrics,nimbusguard,prometheus-994c5566f-wtrsc,06c823a3-c7e7-4d76-b83d-14dc94a5f846
2025-07-12 06:09:28,0,kube_pod_container_status_restarts_total,prometheus,kube-state-metrics.nimbusguard.svc:8080,prometheus.scrape.kube_state_metrics,nimbusguard,prometheus-994c5566f-wtrsc,06c823a3-c7e7-4d76-b83d-14dc94a5f846
2025-07-12 06:10:28,0,kube_pod_container_status_restarts_total,prometheus,kube-state-metrics.nimbusguard.svc:8080,prometheus.scrape.kube_state_metrics,nimbusguard,prometheus-994c5566f-wtrsc,06c823a3-c7e7-4d76-b83d-14dc94a5f846
2025-07-12 06:11:28,0,kube_pod_container_status_restarts_total,prometheus,kube-state-metrics.nimbusguard.svc:8080,prometheus.scrape.kube_state_metrics,nimbusguard,prometheus-994c5566f-wtrsc,06c823a3-c7e7-4d76-b83d-14dc94a5f846
2025-07-12 06:12:28,0,kube_pod_container_status_restarts_total,prometheus,kube-state-metrics.nimbusguard.svc:8080,prometheus.scrape.kube_state_metrics,nimbusguard,prometheus-994c5566f-wtrsc,06c823a3-c7e7-4d76-b83d-14dc94a5f846
2025-07-12 06:13:28,0,kube_pod_container_status_restarts_total,prometheus,kube-state-metrics.nimbusguard.svc:8080,prometheus.scrape.kube_state_metrics,nimbusguard,prometheus-994c5566f-wtrsc,06c823a3-c7e7-4d76-b83d-14dc94a5f846
2025-07-12 05:29:28,0,kube_pod_container_status_restarts_total,redis,10.244.1.4:8080,prometheus.scrape.annotated_pods,nimbusguard,redis-698496554f-t544g,d0d90247-a5b1-4d85-8407-704aa65e4bf6
2025-07-12 05:30:28,0,kube_pod_container_status_restarts_total,redis,10.244.1.4:8080,prometheus.scrape.annotated_pods,nimbusguard,redis-698496554f-t544g,d0d90247-a5b1-4d85-8407-704aa65e4bf6
2025-07-12 05:31:28,0,kube_pod_container_status_restarts_total,redis,10.244.1.4:8080,prometheus.scrape.annotated_pods,nimbusguard,redis-698496554f-t544g,d0d90247-a5b1-4d85-8407-704aa65e4bf6
2025-07-12 05:32:28,0,kube_pod_container_status_restarts_total,redis,10.244.1.4:8080,prometheus.scrape.annotated_pods,nimbusguard,redis-698496554f-t544g,d0d90247-a5b1-4d85-8407-704aa65e4bf6
2025-07-12 05:33:28,0,kube_pod_container_status_restarts_total,redis,10.244.1.4:8080,prometheus.scrape.annotated_pods,nimbusguard,redis-698496554f-t544g,d0d90247-a5b1-4d85-8407-704aa65e4bf6
2025-07-12 05:34:28,0,kube_pod_container_status_restarts_total,redis,10.244.1.4:8080,prometheus.scrape.annotated_pods,nimbusguard,redis-698496554f-t544g,d0d90247-a5b1-4d85-8407-704aa65e4bf6
2025-07-12 05:35:28,0,kube_pod_container_status_restarts_total,redis,10.244.1.4:8080,prometheus.scrape.annotated_pods,nimbusguard,redis-698496554f-t544g,d0d90247-a5b1-4d85-8407-704aa65e4bf6
2025-07-12 05:36:28,0,kube_pod_container_status_restarts_total,redis,10.244.1.4:8080,prometheus.scrape.annotated_pods,nimbusguard,redis-698496554f-t544g,d0d90247-a5b1-4d85-8407-704aa65e4bf6
2025-07-12 05:37:28,0,kube_pod_container_status_restarts_total,redis,10.244.1.4:8080,prometheus.scrape.annotated_pods,nimbusguard,redis-698496554f-t544g,d0d90247-a5b1-4d85-8407-704aa65e4bf6
2025-07-12 05:38:28,0,kube_pod_container_status_restarts_total,redis,10.244.1.4:8080,prometheus.scrape.annotated_pods,nimbusguard,redis-698496554f-t544g,d0d90247-a5b1-4d85-8407-704aa65e4bf6
2025-07-12 05:39:28,0,kube_pod_container_status_restarts_total,redis,10.244.1.4:8080,prometheus.scrape.annotated_pods,nimbusguard,redis-698496554f-t544g,d0d90247-a5b1-4d85-8407-704aa65e4bf6
2025-07-12 05:40:28,0,kube_pod_container_status_restarts_total,redis,10.244.1.4:8080,prometheus.scrape.annotated_pods,nimbusguard,redis-698496554f-t544g,d0d90247-a5b1-4d85-8407-704aa65e4bf6
2025-07-12 05:41:28,0,kube_pod_container_status_restarts_total,redis,10.244.1.4:8080,prometheus.scrape.annotated_pods,nimbusguard,redis-698496554f-t544g,d0d90247-a5b1-4d85-8407-704aa65e4bf6
2025-07-12 05:42:28,0,kube_pod_container_status_restarts_total,redis,10.244.1.4:8080,prometheus.scrape.annotated_pods,nimbusguard,redis-698496554f-t544g,d0d90247-a5b1-4d85-8407-704aa65e4bf6
2025-07-12 05:43:28,0,kube_pod_container_status_restarts_total,redis,10.244.1.4:8080,prometheus.scrape.annotated_pods,nimbusguard,redis-698496554f-t544g,d0d90247-a5b1-4d85-8407-704aa65e4bf6
2025-07-12 05:44:28,0,kube_pod_container_status_restarts_total,redis,10.244.1.4:8080,prometheus.scrape.annotated_pods,nimbusguard,redis-698496554f-t544g,d0d90247-a5b1-4d85-8407-704aa65e4bf6
2025-07-12 05:45:28,0,kube_pod_container_status_restarts_total,redis,10.244.1.4:8080,prometheus.scrape.annotated_pods,nimbusguard,redis-698496554f-t544g,d0d90247-a5b1-4d85-8407-704aa65e4bf6
2025-07-12 05:46:28,0,kube_pod_container_status_restarts_total,redis,10.244.1.4:8080,prometheus.scrape.annotated_pods,nimbusguard,redis-698496554f-t544g,d0d90247-a5b1-4d85-8407-704aa65e4bf6
2025-07-12 05:47:28,0,kube_pod_container_status_restarts_total,redis,10.244.1.4:8080,prometheus.scrape.annotated_pods,nimbusguard,redis-698496554f-t544g,d0d90247-a5b1-4d85-8407-704aa65e4bf6
2025-07-12 05:48:28,0,kube_pod_container_status_restarts_total,redis,10.244.1.4:8080,prometheus.scrape.annotated_pods,nimbusguard,redis-698496554f-t544g,d0d90247-a5b1-4d85-8407-704aa65e4bf6
2025-07-12 05:49:28,0,kube_pod_container_status_restarts_total,redis,10.244.1.4:8080,prometheus.scrape.annotated_pods,nimbusguard,redis-698496554f-t544g,d0d90247-a5b1-4d85-8407-704aa65e4bf6
2025-07-12 05:50:28,0,kube_pod_container_status_restarts_total,redis,10.244.1.4:8080,prometheus.scrape.annotated_pods,nimbusguard,redis-698496554f-t544g,d0d90247-a5b1-4d85-8407-704aa65e4bf6
2025-07-12 05:51:28,0,kube_pod_container_status_restarts_total,redis,10.244.1.4:8080,prometheus.scrape.annotated_pods,nimbusguard,redis-698496554f-t544g,d0d90247-a5b1-4d85-8407-704aa65e4bf6
2025-07-12 05:52:28,0,kube_pod_container_status_restarts_total,redis,10.244.1.4:8080,prometheus.scrape.annotated_pods,nimbusguard,redis-698496554f-t544g,d0d90247-a5b1-4d85-8407-704aa65e4bf6
2025-07-12 05:53:28,0,kube_pod_container_status_restarts_total,redis,10.244.1.4:8080,prometheus.scrape.annotated_pods,nimbusguard,redis-698496554f-t544g,d0d90247-a5b1-4d85-8407-704aa65e4bf6
2025-07-12 05:54:28,0,kube_pod_container_status_restarts_total,redis,10.244.1.4:8080,prometheus.scrape.annotated_pods,nimbusguard,redis-698496554f-t544g,d0d90247-a5b1-4d85-8407-704aa65e4bf6
2025-07-12 05:55:28,0,kube_pod_container_status_restarts_total,redis,10.244.1.4:8080,prometheus.scrape.annotated_pods,nimbusguard,redis-698496554f-t544g,d0d90247-a5b1-4d85-8407-704aa65e4bf6
2025-07-12 05:56:28,0,kube_pod_container_status_restarts_total,redis,10.244.1.4:8080,prometheus.scrape.annotated_pods,nimbusguard,redis-698496554f-t544g,d0d90247-a5b1-4d85-8407-704aa65e4bf6
2025-07-12 05:57:28,0,kube_pod_container_status_restarts_total,redis,10.244.1.4:8080,prometheus.scrape.annotated_pods,nimbusguard,redis-698496554f-t544g,d0d90247-a5b1-4d85-8407-704aa65e4bf6
2025-07-12 05:58:28,0,kube_pod_container_status_restarts_total,redis,10.244.1.4:8080,prometheus.scrape.annotated_pods,nimbusguard,redis-698496554f-t544g,d0d90247-a5b1-4d85-8407-704aa65e4bf6
2025-07-12 05:59:28,0,kube_pod_container_status_restarts_total,redis,10.244.1.4:8080,prometheus.scrape.annotated_pods,nimbusguard,redis-698496554f-t544g,d0d90247-a5b1-4d85-8407-704aa65e4bf6
2025-07-12 06:00:28,0,kube_pod_container_status_restarts_total,redis,10.244.1.4:8080,prometheus.scrape.annotated_pods,nimbusguard,redis-698496554f-t544g,d0d90247-a5b1-4d85-8407-704aa65e4bf6
2025-07-12 06:01:28,0,kube_pod_container_status_restarts_total,redis,10.244.1.4:8080,prometheus.scrape.annotated_pods,nimbusguard,redis-698496554f-t544g,d0d90247-a5b1-4d85-8407-704aa65e4bf6
2025-07-12 06:02:28,0,kube_pod_container_status_restarts_total,redis,10.244.1.4:8080,prometheus.scrape.annotated_pods,nimbusguard,redis-698496554f-t544g,d0d90247-a5b1-4d85-8407-704aa65e4bf6
2025-07-12 06:03:28,0,kube_pod_container_status_restarts_total,redis,10.244.1.4:8080,prometheus.scrape.annotated_pods,nimbusguard,redis-698496554f-t544g,d0d90247-a5b1-4d85-8407-704aa65e4bf6
2025-07-12 06:04:28,0,kube_pod_container_status_restarts_total,redis,10.244.1.4:8080,prometheus.scrape.annotated_pods,nimbusguard,redis-698496554f-t544g,d0d90247-a5b1-4d85-8407-704aa65e4bf6
2025-07-12 06:05:28,0,kube_pod_container_status_restarts_total,redis,10.244.1.4:8080,prometheus.scrape.annotated_pods,nimbusguard,redis-698496554f-t544g,d0d90247-a5b1-4d85-8407-704aa65e4bf6
2025-07-12 06:06:28,0,kube_pod_container_status_restarts_total,redis,10.244.1.4:8080,prometheus.scrape.annotated_pods,nimbusguard,redis-698496554f-t544g,d0d90247-a5b1-4d85-8407-704aa65e4bf6
2025-07-12 06:07:28,0,kube_pod_container_status_restarts_total,redis,10.244.1.4:8080,prometheus.scrape.annotated_pods,nimbusguard,redis-698496554f-t544g,d0d90247-a5b1-4d85-8407-704aa65e4bf6
2025-07-12 06:08:28,0,kube_pod_container_status_restarts_total,redis,10.244.1.4:8080,prometheus.scrape.annotated_pods,nimbusguard,redis-698496554f-t544g,d0d90247-a5b1-4d85-8407-704aa65e4bf6
2025-07-12 06:09:28,0,kube_pod_container_status_restarts_total,redis,10.244.1.4:8080,prometheus.scrape.annotated_pods,nimbusguard,redis-698496554f-t544g,d0d90247-a5b1-4d85-8407-704aa65e4bf6
2025-07-12 06:10:28,0,kube_pod_container_status_restarts_total,redis,10.244.1.4:8080,prometheus.scrape.annotated_pods,nimbusguard,redis-698496554f-t544g,d0d90247-a5b1-4d85-8407-704aa65e4bf6
2025-07-12 06:11:28,0,kube_pod_container_status_restarts_total,redis,10.244.1.4:8080,prometheus.scrape.annotated_pods,nimbusguard,redis-698496554f-t544g,d0d90247-a5b1-4d85-8407-704aa65e4bf6
2025-07-12 06:12:28,0,kube_pod_container_status_restarts_total,redis,10.244.1.4:8080,prometheus.scrape.annotated_pods,nimbusguard,redis-698496554f-t544g,d0d90247-a5b1-4d85-8407-704aa65e4bf6
2025-07-12 06:13:28,0,kube_pod_container_status_restarts_total,redis,10.244.1.4:8080,prometheus.scrape.annotated_pods,nimbusguard,redis-698496554f-t544g,d0d90247-a5b1-4d85-8407-704aa65e4bf6
2025-07-12 05:30:28,0,kube_pod_container_status_restarts_total,redis,kube-state-metrics.nimbusguard.svc:8080,prometheus.scrape.kube_state_metrics,nimbusguard,redis-698496554f-t544g,d0d90247-a5b1-4d85-8407-704aa65e4bf6
2025-07-12 05:31:28,0,kube_pod_container_status_restarts_total,redis,kube-state-metrics.nimbusguard.svc:8080,prometheus.scrape.kube_state_metrics,nimbusguard,redis-698496554f-t544g,d0d90247-a5b1-4d85-8407-704aa65e4bf6
2025-07-12 05:32:28,0,kube_pod_container_status_restarts_total,redis,kube-state-metrics.nimbusguard.svc:8080,prometheus.scrape.kube_state_metrics,nimbusguard,redis-698496554f-t544g,d0d90247-a5b1-4d85-8407-704aa65e4bf6
2025-07-12 05:33:28,0,kube_pod_container_status_restarts_total,redis,kube-state-metrics.nimbusguard.svc:8080,prometheus.scrape.kube_state_metrics,nimbusguard,redis-698496554f-t544g,d0d90247-a5b1-4d85-8407-704aa65e4bf6
2025-07-12 05:34:28,0,kube_pod_container_status_restarts_total,redis,kube-state-metrics.nimbusguard.svc:8080,prometheus.scrape.kube_state_metrics,nimbusguard,redis-698496554f-t544g,d0d90247-a5b1-4d85-8407-704aa65e4bf6
2025-07-12 05:35:28,0,kube_pod_container_status_restarts_total,redis,kube-state-metrics.nimbusguard.svc:8080,prometheus.scrape.kube_state_metrics,nimbusguard,redis-698496554f-t544g,d0d90247-a5b1-4d85-8407-704aa65e4bf6
2025-07-12 05:36:28,0,kube_pod_container_status_restarts_total,redis,kube-state-metrics.nimbusguard.svc:8080,prometheus.scrape.kube_state_metrics,nimbusguard,redis-698496554f-t544g,d0d90247-a5b1-4d85-8407-704aa65e4bf6
2025-07-12 05:37:28,0,kube_pod_container_status_restarts_total,redis,kube-state-metrics.nimbusguard.svc:8080,prometheus.scrape.kube_state_metrics,nimbusguard,redis-698496554f-t544g,d0d90247-a5b1-4d85-8407-704aa65e4bf6
2025-07-12 05:38:28,0,kube_pod_container_status_restarts_total,redis,kube-state-metrics.nimbusguard.svc:8080,prometheus.scrape.kube_state_metrics,nimbusguard,redis-698496554f-t544g,d0d90247-a5b1-4d85-8407-704aa65e4bf6
2025-07-12 05:39:28,0,kube_pod_container_status_restarts_total,redis,kube-state-metrics.nimbusguard.svc:8080,prometheus.scrape.kube_state_metrics,nimbusguard,redis-698496554f-t544g,d0d90247-a5b1-4d85-8407-704aa65e4bf6
2025-07-12 05:40:28,0,kube_pod_container_status_restarts_total,redis,kube-state-metrics.nimbusguard.svc:8080,prometheus.scrape.kube_state_metrics,nimbusguard,redis-698496554f-t544g,d0d90247-a5b1-4d85-8407-704aa65e4bf6
2025-07-12 05:41:28,0,kube_pod_container_status_restarts_total,redis,kube-state-metrics.nimbusguard.svc:8080,prometheus.scrape.kube_state_metrics,nimbusguard,redis-698496554f-t544g,d0d90247-a5b1-4d85-8407-704aa65e4bf6
2025-07-12 05:42:28,0,kube_pod_container_status_restarts_total,redis,kube-state-metrics.nimbusguard.svc:8080,prometheus.scrape.kube_state_metrics,nimbusguard,redis-698496554f-t544g,d0d90247-a5b1-4d85-8407-704aa65e4bf6
2025-07-12 05:43:28,0,kube_pod_container_status_restarts_total,redis,kube-state-metrics.nimbusguard.svc:8080,prometheus.scrape.kube_state_metrics,nimbusguard,redis-698496554f-t544g,d0d90247-a5b1-4d85-8407-704aa65e4bf6
2025-07-12 05:44:28,0,kube_pod_container_status_restarts_total,redis,kube-state-metrics.nimbusguard.svc:8080,prometheus.scrape.kube_state_metrics,nimbusguard,redis-698496554f-t544g,d0d90247-a5b1-4d85-8407-704aa65e4bf6
2025-07-12 05:45:28,0,kube_pod_container_status_restarts_total,redis,kube-state-metrics.nimbusguard.svc:8080,prometheus.scrape.kube_state_metrics,nimbusguard,redis-698496554f-t544g,d0d90247-a5b1-4d85-8407-704aa65e4bf6
2025-07-12 05:46:28,0,kube_pod_container_status_restarts_total,redis,kube-state-metrics.nimbusguard.svc:8080,prometheus.scrape.kube_state_metrics,nimbusguard,redis-698496554f-t544g,d0d90247-a5b1-4d85-8407-704aa65e4bf6
2025-07-12 05:47:28,0,kube_pod_container_status_restarts_total,redis,kube-state-metrics.nimbusguard.svc:8080,prometheus.scrape.kube_state_metrics,nimbusguard,redis-698496554f-t544g,d0d90247-a5b1-4d85-8407-704aa65e4bf6
2025-07-12 05:48:28,0,kube_pod_container_status_restarts_total,redis,kube-state-metrics.nimbusguard.svc:8080,prometheus.scrape.kube_state_metrics,nimbusguard,redis-698496554f-t544g,d0d90247-a5b1-4d85-8407-704aa65e4bf6
2025-07-12 05:49:28,0,kube_pod_container_status_restarts_total,redis,kube-state-metrics.nimbusguard.svc:8080,prometheus.scrape.kube_state_metrics,nimbusguard,redis-698496554f-t544g,d0d90247-a5b1-4d85-8407-704aa65e4bf6
2025-07-12 05:50:28,0,kube_pod_container_status_restarts_total,redis,kube-state-metrics.nimbusguard.svc:8080,prometheus.scrape.kube_state_metrics,nimbusguard,redis-698496554f-t544g,d0d90247-a5b1-4d85-8407-704aa65e4bf6
2025-07-12 05:51:28,0,kube_pod_container_status_restarts_total,redis,kube-state-metrics.nimbusguard.svc:8080,prometheus.scrape.kube_state_metrics,nimbusguard,redis-698496554f-t544g,d0d90247-a5b1-4d85-8407-704aa65e4bf6
2025-07-12 05:52:28,0,kube_pod_container_status_restarts_total,redis,kube-state-metrics.nimbusguard.svc:8080,prometheus.scrape.kube_state_metrics,nimbusguard,redis-698496554f-t544g,d0d90247-a5b1-4d85-8407-704aa65e4bf6
2025-07-12 05:53:28,0,kube_pod_container_status_restarts_total,redis,kube-state-metrics.nimbusguard.svc:8080,prometheus.scrape.kube_state_metrics,nimbusguard,redis-698496554f-t544g,d0d90247-a5b1-4d85-8407-704aa65e4bf6
2025-07-12 05:54:28,0,kube_pod_container_status_restarts_total,redis,kube-state-metrics.nimbusguard.svc:8080,prometheus.scrape.kube_state_metrics,nimbusguard,redis-698496554f-t544g,d0d90247-a5b1-4d85-8407-704aa65e4bf6
2025-07-12 05:55:28,0,kube_pod_container_status_restarts_total,redis,kube-state-metrics.nimbusguard.svc:8080,prometheus.scrape.kube_state_metrics,nimbusguard,redis-698496554f-t544g,d0d90247-a5b1-4d85-8407-704aa65e4bf6
2025-07-12 05:56:28,0,kube_pod_container_status_restarts_total,redis,kube-state-metrics.nimbusguard.svc:8080,prometheus.scrape.kube_state_metrics,nimbusguard,redis-698496554f-t544g,d0d90247-a5b1-4d85-8407-704aa65e4bf6
2025-07-12 05:57:28,0,kube_pod_container_status_restarts_total,redis,kube-state-metrics.nimbusguard.svc:8080,prometheus.scrape.kube_state_metrics,nimbusguard,redis-698496554f-t544g,d0d90247-a5b1-4d85-8407-704aa65e4bf6
2025-07-12 05:58:28,0,kube_pod_container_status_restarts_total,redis,kube-state-metrics.nimbusguard.svc:8080,prometheus.scrape.kube_state_metrics,nimbusguard,redis-698496554f-t544g,d0d90247-a5b1-4d85-8407-704aa65e4bf6
2025-07-12 05:59:28,0,kube_pod_container_status_restarts_total,redis,kube-state-metrics.nimbusguard.svc:8080,prometheus.scrape.kube_state_metrics,nimbusguard,redis-698496554f-t544g,d0d90247-a5b1-4d85-8407-704aa65e4bf6
2025-07-12 06:00:28,0,kube_pod_container_status_restarts_total,redis,kube-state-metrics.nimbusguard.svc:8080,prometheus.scrape.kube_state_metrics,nimbusguard,redis-698496554f-t544g,d0d90247-a5b1-4d85-8407-704aa65e4bf6
2025-07-12 06:01:28,0,kube_pod_container_status_restarts_total,redis,kube-state-metrics.nimbusguard.svc:8080,prometheus.scrape.kube_state_metrics,nimbusguard,redis-698496554f-t544g,d0d90247-a5b1-4d85-8407-704aa65e4bf6
2025-07-12 06:02:28,0,kube_pod_container_status_restarts_total,redis,kube-state-metrics.nimbusguard.svc:8080,prometheus.scrape.kube_state_metrics,nimbusguard,redis-698496554f-t544g,d0d90247-a5b1-4d85-8407-704aa65e4bf6
2025-07-12 06:03:28,0,kube_pod_container_status_restarts_total,redis,kube-state-metrics.nimbusguard.svc:8080,prometheus.scrape.kube_state_metrics,nimbusguard,redis-698496554f-t544g,d0d90247-a5b1-4d85-8407-704aa65e4bf6
2025-07-12 06:04:28,0,kube_pod_container_status_restarts_total,redis,kube-state-metrics.nimbusguard.svc:8080,prometheus.scrape.kube_state_metrics,nimbusguard,redis-698496554f-t544g,d0d90247-a5b1-4d85-8407-704aa65e4bf6
2025-07-12 06:05:28,0,kube_pod_container_status_restarts_total,redis,kube-state-metrics.nimbusguard.svc:8080,prometheus.scrape.kube_state_metrics,nimbusguard,redis-698496554f-t544g,d0d90247-a5b1-4d85-8407-704aa65e4bf6
2025-07-12 06:06:28,0,kube_pod_container_status_restarts_total,redis,kube-state-metrics.nimbusguard.svc:8080,prometheus.scrape.kube_state_metrics,nimbusguard,redis-698496554f-t544g,d0d90247-a5b1-4d85-8407-704aa65e4bf6
2025-07-12 06:07:28,0,kube_pod_container_status_restarts_total,redis,kube-state-metrics.nimbusguard.svc:8080,prometheus.scrape.kube_state_metrics,nimbusguard,redis-698496554f-t544g,d0d90247-a5b1-4d85-8407-704aa65e4bf6
2025-07-12 06:08:28,0,kube_pod_container_status_restarts_total,redis,kube-state-metrics.nimbusguard.svc:8080,prometheus.scrape.kube_state_metrics,nimbusguard,redis-698496554f-t544g,d0d90247-a5b1-4d85-8407-704aa65e4bf6
2025-07-12 06:09:28,0,kube_pod_container_status_restarts_total,redis,kube-state-metrics.nimbusguard.svc:8080,prometheus.scrape.kube_state_metrics,nimbusguard,redis-698496554f-t544g,d0d90247-a5b1-4d85-8407-704aa65e4bf6
2025-07-12 06:10:28,0,kube_pod_container_status_restarts_total,redis,kube-state-metrics.nimbusguard.svc:8080,prometheus.scrape.kube_state_metrics,nimbusguard,redis-698496554f-t544g,d0d90247-a5b1-4d85-8407-704aa65e4bf6
2025-07-12 06:11:28,0,kube_pod_container_status_restarts_total,redis,kube-state-metrics.nimbusguard.svc:8080,prometheus.scrape.kube_state_metrics,nimbusguard,redis-698496554f-t544g,d0d90247-a5b1-4d85-8407-704aa65e4bf6
2025-07-12 06:12:28,0,kube_pod_container_status_restarts_total,redis,kube-state-metrics.nimbusguard.svc:8080,prometheus.scrape.kube_state_metrics,nimbusguard,redis-698496554f-t544g,d0d90247-a5b1-4d85-8407-704aa65e4bf6
2025-07-12 06:13:28,0,kube_pod_container_status_restarts_total,redis,kube-state-metrics.nimbusguard.svc:8080,prometheus.scrape.kube_state_metrics,nimbusguard,redis-698496554f-t544g,d0d90247-a5b1-4d85-8407-704aa65e4bf6
2025-07-12 05:29:28,0,kube_pod_container_status_restarts_total,tempo,10.244.1.4:8080,prometheus.scrape.annotated_pods,nimbusguard,tempo-88bccc5f8-s2hg2,bc5bb778-3ac7-40a7-9529-f0e0a11bb45e
2025-07-12 05:30:28,0,kube_pod_container_status_restarts_total,tempo,10.244.1.4:8080,prometheus.scrape.annotated_pods,nimbusguard,tempo-88bccc5f8-s2hg2,bc5bb778-3ac7-40a7-9529-f0e0a11bb45e
2025-07-12 05:31:28,0,kube_pod_container_status_restarts_total,tempo,10.244.1.4:8080,prometheus.scrape.annotated_pods,nimbusguard,tempo-88bccc5f8-s2hg2,bc5bb778-3ac7-40a7-9529-f0e0a11bb45e
2025-07-12 05:32:28,0,kube_pod_container_status_restarts_total,tempo,10.244.1.4:8080,prometheus.scrape.annotated_pods,nimbusguard,tempo-88bccc5f8-s2hg2,bc5bb778-3ac7-40a7-9529-f0e0a11bb45e
2025-07-12 05:33:28,0,kube_pod_container_status_restarts_total,tempo,10.244.1.4:8080,prometheus.scrape.annotated_pods,nimbusguard,tempo-88bccc5f8-s2hg2,bc5bb778-3ac7-40a7-9529-f0e0a11bb45e
2025-07-12 05:34:28,0,kube_pod_container_status_restarts_total,tempo,10.244.1.4:8080,prometheus.scrape.annotated_pods,nimbusguard,tempo-88bccc5f8-s2hg2,bc5bb778-3ac7-40a7-9529-f0e0a11bb45e
2025-07-12 05:35:28,0,kube_pod_container_status_restarts_total,tempo,10.244.1.4:8080,prometheus.scrape.annotated_pods,nimbusguard,tempo-88bccc5f8-s2hg2,bc5bb778-3ac7-40a7-9529-f0e0a11bb45e
2025-07-12 05:36:28,0,kube_pod_container_status_restarts_total,tempo,10.244.1.4:8080,prometheus.scrape.annotated_pods,nimbusguard,tempo-88bccc5f8-s2hg2,bc5bb778-3ac7-40a7-9529-f0e0a11bb45e
2025-07-12 05:37:28,0,kube_pod_container_status_restarts_total,tempo,10.244.1.4:8080,prometheus.scrape.annotated_pods,nimbusguard,tempo-88bccc5f8-s2hg2,bc5bb778-3ac7-40a7-9529-f0e0a11bb45e
2025-07-12 05:38:28,0,kube_pod_container_status_restarts_total,tempo,10.244.1.4:8080,prometheus.scrape.annotated_pods,nimbusguard,tempo-88bccc5f8-s2hg2,bc5bb778-3ac7-40a7-9529-f0e0a11bb45e
2025-07-12 05:39:28,0,kube_pod_container_status_restarts_total,tempo,10.244.1.4:8080,prometheus.scrape.annotated_pods,nimbusguard,tempo-88bccc5f8-s2hg2,bc5bb778-3ac7-40a7-9529-f0e0a11bb45e
2025-07-12 05:40:28,0,kube_pod_container_status_restarts_total,tempo,10.244.1.4:8080,prometheus.scrape.annotated_pods,nimbusguard,tempo-88bccc5f8-s2hg2,bc5bb778-3ac7-40a7-9529-f0e0a11bb45e
2025-07-12 05:41:28,0,kube_pod_container_status_restarts_total,tempo,10.244.1.4:8080,prometheus.scrape.annotated_pods,nimbusguard,tempo-88bccc5f8-s2hg2,bc5bb778-3ac7-40a7-9529-f0e0a11bb45e
2025-07-12 05:42:28,0,kube_pod_container_status_restarts_total,tempo,10.244.1.4:8080,prometheus.scrape.annotated_pods,nimbusguard,tempo-88bccc5f8-s2hg2,bc5bb778-3ac7-40a7-9529-f0e0a11bb45e
2025-07-12 05:43:28,0,kube_pod_container_status_restarts_total,tempo,10.244.1.4:8080,prometheus.scrape.annotated_pods,nimbusguard,tempo-88bccc5f8-s2hg2,bc5bb778-3ac7-40a7-9529-f0e0a11bb45e
2025-07-12 05:44:28,0,kube_pod_container_status_restarts_total,tempo,10.244.1.4:8080,prometheus.scrape.annotated_pods,nimbusguard,tempo-88bccc5f8-s2hg2,bc5bb778-3ac7-40a7-9529-f0e0a11bb45e
2025-07-12 05:45:28,0,kube_pod_container_status_restarts_total,tempo,10.244.1.4:8080,prometheus.scrape.annotated_pods,nimbusguard,tempo-88bccc5f8-s2hg2,bc5bb778-3ac7-40a7-9529-f0e0a11bb45e
2025-07-12 05:46:28,0,kube_pod_container_status_restarts_total,tempo,10.244.1.4:8080,prometheus.scrape.annotated_pods,nimbusguard,tempo-88bccc5f8-s2hg2,bc5bb778-3ac7-40a7-9529-f0e0a11bb45e
2025-07-12 05:47:28,0,kube_pod_container_status_restarts_total,tempo,10.244.1.4:8080,prometheus.scrape.annotated_pods,nimbusguard,tempo-88bccc5f8-s2hg2,bc5bb778-3ac7-40a7-9529-f0e0a11bb45e
2025-07-12 05:48:28,0,kube_pod_container_status_restarts_total,tempo,10.244.1.4:8080,prometheus.scrape.annotated_pods,nimbusguard,tempo-88bccc5f8-s2hg2,bc5bb778-3ac7-40a7-9529-f0e0a11bb45e
2025-07-12 05:49:28,0,kube_pod_container_status_restarts_total,tempo,10.244.1.4:8080,prometheus.scrape.annotated_pods,nimbusguard,tempo-88bccc5f8-s2hg2,bc5bb778-3ac7-40a7-9529-f0e0a11bb45e
2025-07-12 05:50:28,0,kube_pod_container_status_restarts_total,tempo,10.244.1.4:8080,prometheus.scrape.annotated_pods,nimbusguard,tempo-88bccc5f8-s2hg2,bc5bb778-3ac7-40a7-9529-f0e0a11bb45e
2025-07-12 05:51:28,0,kube_pod_container_status_restarts_total,tempo,10.244.1.4:8080,prometheus.scrape.annotated_pods,nimbusguard,tempo-88bccc5f8-s2hg2,bc5bb778-3ac7-40a7-9529-f0e0a11bb45e
2025-07-12 05:52:28,0,kube_pod_container_status_restarts_total,tempo,10.244.1.4:8080,prometheus.scrape.annotated_pods,nimbusguard,tempo-88bccc5f8-s2hg2,bc5bb778-3ac7-40a7-9529-f0e0a11bb45e
2025-07-12 05:53:28,0,kube_pod_container_status_restarts_total,tempo,10.244.1.4:8080,prometheus.scrape.annotated_pods,nimbusguard,tempo-88bccc5f8-s2hg2,bc5bb778-3ac7-40a7-9529-f0e0a11bb45e
2025-07-12 05:54:28,0,kube_pod_container_status_restarts_total,tempo,10.244.1.4:8080,prometheus.scrape.annotated_pods,nimbusguard,tempo-88bccc5f8-s2hg2,bc5bb778-3ac7-40a7-9529-f0e0a11bb45e
2025-07-12 05:55:28,0,kube_pod_container_status_restarts_total,tempo,10.244.1.4:8080,prometheus.scrape.annotated_pods,nimbusguard,tempo-88bccc5f8-s2hg2,bc5bb778-3ac7-40a7-9529-f0e0a11bb45e
2025-07-12 05:56:28,0,kube_pod_container_status_restarts_total,tempo,10.244.1.4:8080,prometheus.scrape.annotated_pods,nimbusguard,tempo-88bccc5f8-s2hg2,bc5bb778-3ac7-40a7-9529-f0e0a11bb45e
2025-07-12 05:57:28,0,kube_pod_container_status_restarts_total,tempo,10.244.1.4:8080,prometheus.scrape.annotated_pods,nimbusguard,tempo-88bccc5f8-s2hg2,bc5bb778-3ac7-40a7-9529-f0e0a11bb45e
2025-07-12 05:58:28,0,kube_pod_container_status_restarts_total,tempo,10.244.1.4:8080,prometheus.scrape.annotated_pods,nimbusguard,tempo-88bccc5f8-s2hg2,bc5bb778-3ac7-40a7-9529-f0e0a11bb45e
2025-07-12 05:59:28,0,kube_pod_container_status_restarts_total,tempo,10.244.1.4:8080,prometheus.scrape.annotated_pods,nimbusguard,tempo-88bccc5f8-s2hg2,bc5bb778-3ac7-40a7-9529-f0e0a11bb45e
2025-07-12 06:00:28,0,kube_pod_container_status_restarts_total,tempo,10.244.1.4:8080,prometheus.scrape.annotated_pods,nimbusguard,tempo-88bccc5f8-s2hg2,bc5bb778-3ac7-40a7-9529-f0e0a11bb45e
2025-07-12 06:01:28,0,kube_pod_container_status_restarts_total,tempo,10.244.1.4:8080,prometheus.scrape.annotated_pods,nimbusguard,tempo-88bccc5f8-s2hg2,bc5bb778-3ac7-40a7-9529-f0e0a11bb45e
2025-07-12 06:02:28,0,kube_pod_container_status_restarts_total,tempo,10.244.1.4:8080,prometheus.scrape.annotated_pods,nimbusguard,tempo-88bccc5f8-s2hg2,bc5bb778-3ac7-40a7-9529-f0e0a11bb45e
2025-07-12 06:03:28,0,kube_pod_container_status_restarts_total,tempo,10.244.1.4:8080,prometheus.scrape.annotated_pods,nimbusguard,tempo-88bccc5f8-s2hg2,bc5bb778-3ac7-40a7-9529-f0e0a11bb45e
2025-07-12 06:04:28,0,kube_pod_container_status_restarts_total,tempo,10.244.1.4:8080,prometheus.scrape.annotated_pods,nimbusguard,tempo-88bccc5f8-s2hg2,bc5bb778-3ac7-40a7-9529-f0e0a11bb45e
2025-07-12 06:05:28,0,kube_pod_container_status_restarts_total,tempo,10.244.1.4:8080,prometheus.scrape.annotated_pods,nimbusguard,tempo-88bccc5f8-s2hg2,bc5bb778-3ac7-40a7-9529-f0e0a11bb45e
2025-07-12 06:06:28,0,kube_pod_container_status_restarts_total,tempo,10.244.1.4:8080,prometheus.scrape.annotated_pods,nimbusguard,tempo-88bccc5f8-s2hg2,bc5bb778-3ac7-40a7-9529-f0e0a11bb45e
2025-07-12 06:07:28,0,kube_pod_container_status_restarts_total,tempo,10.244.1.4:8080,prometheus.scrape.annotated_pods,nimbusguard,tempo-88bccc5f8-s2hg2,bc5bb778-3ac7-40a7-9529-f0e0a11bb45e
2025-07-12 06:08:28,0,kube_pod_container_status_restarts_total,tempo,10.244.1.4:8080,prometheus.scrape.annotated_pods,nimbusguard,tempo-88bccc5f8-s2hg2,bc5bb778-3ac7-40a7-9529-f0e0a11bb45e
2025-07-12 06:09:28,0,kube_pod_container_status_restarts_total,tempo,10.244.1.4:8080,prometheus.scrape.annotated_pods,nimbusguard,tempo-88bccc5f8-s2hg2,bc5bb778-3ac7-40a7-9529-f0e0a11bb45e
2025-07-12 06:10:28,0,kube_pod_container_status_restarts_total,tempo,10.244.1.4:8080,prometheus.scrape.annotated_pods,nimbusguard,tempo-88bccc5f8-s2hg2,bc5bb778-3ac7-40a7-9529-f0e0a11bb45e
2025-07-12 06:11:28,0,kube_pod_container_status_restarts_total,tempo,10.244.1.4:8080,prometheus.scrape.annotated_pods,nimbusguard,tempo-88bccc5f8-s2hg2,bc5bb778-3ac7-40a7-9529-f0e0a11bb45e
2025-07-12 06:12:28,0,kube_pod_container_status_restarts_total,tempo,10.244.1.4:8080,prometheus.scrape.annotated_pods,nimbusguard,tempo-88bccc5f8-s2hg2,bc5bb778-3ac7-40a7-9529-f0e0a11bb45e
2025-07-12 06:13:28,0,kube_pod_container_status_restarts_total,tempo,10.244.1.4:8080,prometheus.scrape.annotated_pods,nimbusguard,tempo-88bccc5f8-s2hg2,bc5bb778-3ac7-40a7-9529-f0e0a11bb45e
2025-07-12 05:30:28,0,kube_pod_container_status_restarts_total,tempo,kube-state-metrics.nimbusguard.svc:8080,prometheus.scrape.kube_state_metrics,nimbusguard,tempo-88bccc5f8-s2hg2,bc5bb778-3ac7-40a7-9529-f0e0a11bb45e
2025-07-12 05:31:28,0,kube_pod_container_status_restarts_total,tempo,kube-state-metrics.nimbusguard.svc:8080,prometheus.scrape.kube_state_metrics,nimbusguard,tempo-88bccc5f8-s2hg2,bc5bb778-3ac7-40a7-9529-f0e0a11bb45e
2025-07-12 05:32:28,0,kube_pod_container_status_restarts_total,tempo,kube-state-metrics.nimbusguard.svc:8080,prometheus.scrape.kube_state_metrics,nimbusguard,tempo-88bccc5f8-s2hg2,bc5bb778-3ac7-40a7-9529-f0e0a11bb45e
2025-07-12 05:33:28,0,kube_pod_container_status_restarts_total,tempo,kube-state-metrics.nimbusguard.svc:8080,prometheus.scrape.kube_state_metrics,nimbusguard,tempo-88bccc5f8-s2hg2,bc5bb778-3ac7-40a7-9529-f0e0a11bb45e
2025-07-12 05:34:28,0,kube_pod_container_status_restarts_total,tempo,kube-state-metrics.nimbusguard.svc:8080,prometheus.scrape.kube_state_metrics,nimbusguard,tempo-88bccc5f8-s2hg2,bc5bb778-3ac7-40a7-9529-f0e0a11bb45e
2025-07-12 05:35:28,0,kube_pod_container_status_restarts_total,tempo,kube-state-metrics.nimbusguard.svc:8080,prometheus.scrape.kube_state_metrics,nimbusguard,tempo-88bccc5f8-s2hg2,bc5bb778-3ac7-40a7-9529-f0e0a11bb45e
2025-07-12 05:36:28,0,kube_pod_container_status_restarts_total,tempo,kube-state-metrics.nimbusguard.svc:8080,prometheus.scrape.kube_state_metrics,nimbusguard,tempo-88bccc5f8-s2hg2,bc5bb778-3ac7-40a7-9529-f0e0a11bb45e
2025-07-12 05:37:28,0,kube_pod_container_status_restarts_total,tempo,kube-state-metrics.nimbusguard.svc:8080,prometheus.scrape.kube_state_metrics,nimbusguard,tempo-88bccc5f8-s2hg2,bc5bb778-3ac7-40a7-9529-f0e0a11bb45e
2025-07-12 05:38:28,0,kube_pod_container_status_restarts_total,tempo,kube-state-metrics.nimbusguard.svc:8080,prometheus.scrape.kube_state_metrics,nimbusguard,tempo-88bccc5f8-s2hg2,bc5bb778-3ac7-40a7-9529-f0e0a11bb45e
2025-07-12 05:39:28,0,kube_pod_container_status_restarts_total,tempo,kube-state-metrics.nimbusguard.svc:8080,prometheus.scrape.kube_state_metrics,nimbusguard,tempo-88bccc5f8-s2hg2,bc5bb778-3ac7-40a7-9529-f0e0a11bb45e
2025-07-12 05:40:28,0,kube_pod_container_status_restarts_total,tempo,kube-state-metrics.nimbusguard.svc:8080,prometheus.scrape.kube_state_metrics,nimbusguard,tempo-88bccc5f8-s2hg2,bc5bb778-3ac7-40a7-9529-f0e0a11bb45e
2025-07-12 05:41:28,0,kube_pod_container_status_restarts_total,tempo,kube-state-metrics.nimbusguard.svc:8080,prometheus.scrape.kube_state_metrics,nimbusguard,tempo-88bccc5f8-s2hg2,bc5bb778-3ac7-40a7-9529-f0e0a11bb45e
2025-07-12 05:42:28,0,kube_pod_container_status_restarts_total,tempo,kube-state-metrics.nimbusguard.svc:8080,prometheus.scrape.kube_state_metrics,nimbusguard,tempo-88bccc5f8-s2hg2,bc5bb778-3ac7-40a7-9529-f0e0a11bb45e
2025-07-12 05:43:28,0,kube_pod_container_status_restarts_total,tempo,kube-state-metrics.nimbusguard.svc:8080,prometheus.scrape.kube_state_metrics,nimbusguard,tempo-88bccc5f8-s2hg2,bc5bb778-3ac7-40a7-9529-f0e0a11bb45e
2025-07-12 05:44:28,0,kube_pod_container_status_restarts_total,tempo,kube-state-metrics.nimbusguard.svc:8080,prometheus.scrape.kube_state_metrics,nimbusguard,tempo-88bccc5f8-s2hg2,bc5bb778-3ac7-40a7-9529-f0e0a11bb45e
2025-07-12 05:45:28,0,kube_pod_container_status_restarts_total,tempo,kube-state-metrics.nimbusguard.svc:8080,prometheus.scrape.kube_state_metrics,nimbusguard,tempo-88bccc5f8-s2hg2,bc5bb778-3ac7-40a7-9529-f0e0a11bb45e
2025-07-12 05:46:28,0,kube_pod_container_status_restarts_total,tempo,kube-state-metrics.nimbusguard.svc:8080,prometheus.scrape.kube_state_metrics,nimbusguard,tempo-88bccc5f8-s2hg2,bc5bb778-3ac7-40a7-9529-f0e0a11bb45e
2025-07-12 05:47:28,0,kube_pod_container_status_restarts_total,tempo,kube-state-metrics.nimbusguard.svc:8080,prometheus.scrape.kube_state_metrics,nimbusguard,tempo-88bccc5f8-s2hg2,bc5bb778-3ac7-40a7-9529-f0e0a11bb45e
2025-07-12 05:48:28,0,kube_pod_container_status_restarts_total,tempo,kube-state-metrics.nimbusguard.svc:8080,prometheus.scrape.kube_state_metrics,nimbusguard,tempo-88bccc5f8-s2hg2,bc5bb778-3ac7-40a7-9529-f0e0a11bb45e
2025-07-12 05:49:28,0,kube_pod_container_status_restarts_total,tempo,kube-state-metrics.nimbusguard.svc:8080,prometheus.scrape.kube_state_metrics,nimbusguard,tempo-88bccc5f8-s2hg2,bc5bb778-3ac7-40a7-9529-f0e0a11bb45e
2025-07-12 05:50:28,0,kube_pod_container_status_restarts_total,tempo,kube-state-metrics.nimbusguard.svc:8080,prometheus.scrape.kube_state_metrics,nimbusguard,tempo-88bccc5f8-s2hg2,bc5bb778-3ac7-40a7-9529-f0e0a11bb45e
2025-07-12 05:51:28,0,kube_pod_container_status_restarts_total,tempo,kube-state-metrics.nimbusguard.svc:8080,prometheus.scrape.kube_state_metrics,nimbusguard,tempo-88bccc5f8-s2hg2,bc5bb778-3ac7-40a7-9529-f0e0a11bb45e
2025-07-12 05:52:28,0,kube_pod_container_status_restarts_total,tempo,kube-state-metrics.nimbusguard.svc:8080,prometheus.scrape.kube_state_metrics,nimbusguard,tempo-88bccc5f8-s2hg2,bc5bb778-3ac7-40a7-9529-f0e0a11bb45e
2025-07-12 05:53:28,0,kube_pod_container_status_restarts_total,tempo,kube-state-metrics.nimbusguard.svc:8080,prometheus.scrape.kube_state_metrics,nimbusguard,tempo-88bccc5f8-s2hg2,bc5bb778-3ac7-40a7-9529-f0e0a11bb45e
2025-07-12 05:54:28,0,kube_pod_container_status_restarts_total,tempo,kube-state-metrics.nimbusguard.svc:8080,prometheus.scrape.kube_state_metrics,nimbusguard,tempo-88bccc5f8-s2hg2,bc5bb778-3ac7-40a7-9529-f0e0a11bb45e
2025-07-12 05:55:28,0,kube_pod_container_status_restarts_total,tempo,kube-state-metrics.nimbusguard.svc:8080,prometheus.scrape.kube_state_metrics,nimbusguard,tempo-88bccc5f8-s2hg2,bc5bb778-3ac7-40a7-9529-f0e0a11bb45e
2025-07-12 05:56:28,0,kube_pod_container_status_restarts_total,tempo,kube-state-metrics.nimbusguard.svc:8080,prometheus.scrape.kube_state_metrics,nimbusguard,tempo-88bccc5f8-s2hg2,bc5bb778-3ac7-40a7-9529-f0e0a11bb45e
2025-07-12 05:57:28,0,kube_pod_container_status_restarts_total,tempo,kube-state-metrics.nimbusguard.svc:8080,prometheus.scrape.kube_state_metrics,nimbusguard,tempo-88bccc5f8-s2hg2,bc5bb778-3ac7-40a7-9529-f0e0a11bb45e
2025-07-12 05:58:28,0,kube_pod_container_status_restarts_total,tempo,kube-state-metrics.nimbusguard.svc:8080,prometheus.scrape.kube_state_metrics,nimbusguard,tempo-88bccc5f8-s2hg2,bc5bb778-3ac7-40a7-9529-f0e0a11bb45e
2025-07-12 05:59:28,0,kube_pod_container_status_restarts_total,tempo,kube-state-metrics.nimbusguard.svc:8080,prometheus.scrape.kube_state_metrics,nimbusguard,tempo-88bccc5f8-s2hg2,bc5bb778-3ac7-40a7-9529-f0e0a11bb45e
2025-07-12 06:00:28,0,kube_pod_container_status_restarts_total,tempo,kube-state-metrics.nimbusguard.svc:8080,prometheus.scrape.kube_state_metrics,nimbusguard,tempo-88bccc5f8-s2hg2,bc5bb778-3ac7-40a7-9529-f0e0a11bb45e
2025-07-12 06:01:28,0,kube_pod_container_status_restarts_total,tempo,kube-state-metrics.nimbusguard.svc:8080,prometheus.scrape.kube_state_metrics,nimbusguard,tempo-88bccc5f8-s2hg2,bc5bb778-3ac7-40a7-9529-f0e0a11bb45e
2025-07-12 06:02:28,0,kube_pod_container_status_restarts_total,tempo,kube-state-metrics.nimbusguard.svc:8080,prometheus.scrape.kube_state_metrics,nimbusguard,tempo-88bccc5f8-s2hg2,bc5bb778-3ac7-40a7-9529-f0e0a11bb45e
2025-07-12 06:03:28,0,kube_pod_container_status_restarts_total,tempo,kube-state-metrics.nimbusguard.svc:8080,prometheus.scrape.kube_state_metrics,nimbusguard,tempo-88bccc5f8-s2hg2,bc5bb778-3ac7-40a7-9529-f0e0a11bb45e
2025-07-12 06:04:28,0,kube_pod_container_status_restarts_total,tempo,kube-state-metrics.nimbusguard.svc:8080,prometheus.scrape.kube_state_metrics,nimbusguard,tempo-88bccc5f8-s2hg2,bc5bb778-3ac7-40a7-9529-f0e0a11bb45e
2025-07-12 06:05:28,0,kube_pod_container_status_restarts_total,tempo,kube-state-metrics.nimbusguard.svc:8080,prometheus.scrape.kube_state_metrics,nimbusguard,tempo-88bccc5f8-s2hg2,bc5bb778-3ac7-40a7-9529-f0e0a11bb45e
2025-07-12 06:06:28,0,kube_pod_container_status_restarts_total,tempo,kube-state-metrics.nimbusguard.svc:8080,prometheus.scrape.kube_state_metrics,nimbusguard,tempo-88bccc5f8-s2hg2,bc5bb778-3ac7-40a7-9529-f0e0a11bb45e
2025-07-12 06:07:28,0,kube_pod_container_status_restarts_total,tempo,kube-state-metrics.nimbusguard.svc:8080,prometheus.scrape.kube_state_metrics,nimbusguard,tempo-88bccc5f8-s2hg2,bc5bb778-3ac7-40a7-9529-f0e0a11bb45e
2025-07-12 06:08:28,0,kube_pod_container_status_restarts_total,tempo,kube-state-metrics.nimbusguard.svc:8080,prometheus.scrape.kube_state_metrics,nimbusguard,tempo-88bccc5f8-s2hg2,bc5bb778-3ac7-40a7-9529-f0e0a11bb45e
2025-07-12 06:09:28,0,kube_pod_container_status_restarts_total,tempo,kube-state-metrics.nimbusguard.svc:8080,prometheus.scrape.kube_state_metrics,nimbusguard,tempo-88bccc5f8-s2hg2,bc5bb778-3ac7-40a7-9529-f0e0a11bb45e
2025-07-12 06:10:28,0,kube_pod_container_status_restarts_total,tempo,kube-state-metrics.nimbusguard.svc:8080,prometheus.scrape.kube_state_metrics,nimbusguard,tempo-88bccc5f8-s2hg2,bc5bb778-3ac7-40a7-9529-f0e0a11bb45e
2025-07-12 06:11:28,0,kube_pod_container_status_restarts_total,tempo,kube-state-metrics.nimbusguard.svc:8080,prometheus.scrape.kube_state_metrics,nimbusguard,tempo-88bccc5f8-s2hg2,bc5bb778-3ac7-40a7-9529-f0e0a11bb45e
2025-07-12 06:12:28,0,kube_pod_container_status_restarts_total,tempo,kube-state-metrics.nimbusguard.svc:8080,prometheus.scrape.kube_state_metrics,nimbusguard,tempo-88bccc5f8-s2hg2,bc5bb778-3ac7-40a7-9529-f0e0a11bb45e
2025-07-12 06:13:28,0,kube_pod_container_status_restarts_total,tempo,kube-state-metrics.nimbusguard.svc:8080,prometheus.scrape.kube_state_metrics,nimbusguard,tempo-88bccc5f8-s2hg2,bc5bb778-3ac7-40a7-9529-f0e0a11bb45e
